time (s)	energy (uJ)	charge (mC)	voltage (mV)	crossing#mod 255
434789.290845	41.042130	0.008606	4.769250	206
434790.405837	48.441803	0.008614	5.623775	207
434791.386929	39.790188	0.008601	4.626361	208
434792.501777	47.754242	0.008609	5.546710	209
434793.484538	39.036751	0.008615	4.531094	210
434794.598623	43.684151	0.008625	5.064757	211
434795.581380	39.148079	0.008638	4.531942	212
434796.698866	39.425835	0.008622	4.572677	213
434797.678240	39.195751	0.008610	4.552092	214
434798.793507	36.860882	0.008596	4.287975	215
434799.776239	38.619114	0.008611	4.484933	216
434800.856858	48.515862	0.008632	5.620489	217
434801.872818	40.918476	0.008632	4.740572	218
434802.956152	43.824821	0.008620	5.083798	219
434803.970529	41.802139	0.008616	4.851626	220
434805.052406	41.419804	0.008634	4.797195	221
434806.066444	41.805862	0.008616	4.852178	222
434807.149134	39.767220	0.008594	4.627544	223
434808.164221	38.988110	0.008634	4.515554	224
434809.245979	38.153782	0.008604	4.434312	225
434810.261968	35.876816	0.008600	4.171960	226
434811.342600	37.926846	0.008628	4.395727	227
434812.359884	33.773849	0.008625	3.915704	228
434813.441877	36.051266	0.008616	4.184140	229
434814.424079	47.772560	0.008630	5.535612	230
434815.504018	52.158371	0.008592	6.070865	231
434816.520512	45.978554	0.008613	5.338066	232
434817.602303	50.137051	0.008606	5.826132	233
434818.617382	44.151363	0.008628	5.117464	234
434819.698859	48.327747	0.008600	5.619745	235
434820.715112	41.663979	0.008612	4.838049	236
434821.795713	46.021214	0.008637	5.328441	237
434822.813095	40.056149	0.008628	4.642404	238
434823.894824	42.281181	0.008596	4.918800	239
434824.909809	39.842571	0.008629	4.617394	240
434825.992274	39.948620	0.008609	4.640230	241
434827.007018	46.456760	0.008633	5.381094	242
434828.089003	37.637383	0.008616	4.368073	243
434829.103407	36.302189	0.008603	4.219851	244
434830.185230	36.111832	0.008611	4.193925	245
434831.201762	35.391541	0.008627	4.102617	246
434832.282412	35.882439	0.008614	4.165655	247
434833.264843	50.162376	0.008612	5.824415	248
434834.378905	35.942482	0.008614	4.172407	249
434835.361386	44.974621	0.008604	5.227055	250
434836.476635	37.081066	0.008611	4.306392	251
434837.459616	39.339108	0.008613	4.567148	252
434838.575629	37.825100	0.008630	4.382921	253
434839.557617	35.382519	0.008629	4.100455	254
434840.670546	38.350552	0.008618	4.450003	255
434841.621026	50.722305	0.008611	5.890083	0
434842.767429	38.245655	0.008608	4.443068	1
434843.718999	46.495388	0.008620	5.393586	2
434844.864522	37.499577	0.008636	4.342120	3
434845.815225	44.412212	0.008610	5.157977	4
434846.975674	30.504547	0.008617	3.539913	5
434847.912393	42.098320	0.008596	4.897193	6
434849.026792	49.292244	0.008611	5.724319	7
434850.009234	42.083794	0.008616	4.884626	8
434851.123344	46.510242	0.008620	5.395420	9
434852.107021	40.586494	0.008612	4.712815	10
434853.221131	43.287575	0.008613	5.025878	11
434854.203866	41.953587	0.008613	4.870966	12
434855.317982	39.234112	0.008638	4.542171	13
434856.300952	41.683746	0.008613	4.839787	14
434857.415025	35.707241	0.008619	4.142708	15
434858.398067	42.568581	0.008644	4.924831	16
434859.478615	47.614403	0.008608	5.531413	17
434860.496662	43.175175	0.008619	5.009339	18
434861.576010	44.425659	0.008630	5.147998	19
434862.592255	43.742294	0.008614	5.078161	20
434863.672886	41.427090	0.008616	4.807929	21
434864.688830	42.573212	0.008621	4.938237	22
434865.770623	39.731018	0.008626	4.605857	23
434866.786551	39.979248	0.008620	4.637916	24
434867.869892	37.798080	0.008611	4.389332	25
434868.884320	37.439255	0.008607	4.350072	26
434869.965172	37.541763	0.008615	4.357710	27
434870.981115	34.381313	0.008616	3.990324	28
434872.063496	35.671432	0.008618	4.139238	29
434873.045692	50.062229	0.008608	5.815953	30
434874.126287	51.655952	0.008630	5.985450	31
434875.142225	48.497475	0.008631	5.619097	32
434876.223119	50.805859	0.008593	5.912570	33
434877.239117	46.470440	0.008626	5.387264	34
434878.320874	46.804268	0.008618	5.431237	35
434879.336859	44.055855	0.008610	5.116601	36
434880.418680	44.118710	0.008614	5.121449	37
434881.435145	42.573784	0.008605	4.947728	38
434882.514843	42.773022	0.008632	4.955348	39
434883.530758	42.066051	0.008595	4.894494	40
434884.612947	39.551121	0.008606	4.595582	41
434885.627997	41.567451	0.008628	4.817940	42
434886.709766	37.817406	0.008647	4.373322	43
434887.726958	39.838528	0.008619	4.622323	44
434888.806303	37.291241	0.008626	4.323161	45
434889.823693	34.830391	0.008622	4.039892	46
434890.904372	37.870239	0.008611	4.398110	47
434891.886793	50.610378	0.008619	5.871648	48
434893.002807	36.726624	0.008611	4.265071	49
434893.983632	44.852894	0.008633	5.195361	50
434895.099127	37.494869	0.008627	4.346030	51
434896.080786	38.905704	0.008617	4.515131	52
434897.194890	39.838196	0.008635	4.613660	53
434898.178734	35.278564	0.008617	4.093929	54
434899.266579	49.849434	0.008595	5.799938	55
434900.242893	51.103619	0.008634	5.919177	56
434901.389751	39.123398	0.008613	4.542179	57
434902.341819	46.117916	0.008616	5.352813	58
434903.488471	37.457649	0.008598	4.356475	59
434904.437099	45.899303	0.008615	5.328119	60
434905.583830	34.926697	0.008618	4.052850	61
434906.535407	43.680000	0.008602	5.078171	62
434907.648416	46.651199	0.008611	5.417480	63
434908.630904	45.721577	0.008627	5.299539	64
434909.745542	45.051514	0.008613	5.230857	65
434910.729382	45.234524	0.008628	5.243011	66
434911.842453	40.608395	0.008618	4.712312	67
434912.825258	45.384403	0.008632	5.257422	68
434913.940756	36.180351	0.008623	4.195807	69
434914.923014	46.241306	0.008616	5.367158	70
434916.003907	50.224453	0.008615	5.830068	71
434917.019215	46.053005	0.008619	5.343180	72
434918.101676	46.215950	0.008617	5.363045	73
434919.116451	46.513550	0.008614	5.400062	74
434920.198198	43.939247	0.008629	5.091858	75
434921.214741	46.203182	0.008607	5.368398	76
434922.273800	52.312336	0.008631	6.060666	77
434923.310817	42.600964	0.008596	4.955848	78
434924.395449	39.107044	0.008632	4.530534	79
434925.408148	41.237427	0.008638	4.774107	80
434926.489901	39.375069	0.008619	4.568559	81
434927.507503	36.685127	0.008616	4.257868	82
434928.586444	38.141361	0.008601	4.434687	83
434929.602419	36.433659	0.008633	4.220355	84
434930.684171	37.050716	0.008623	4.296827	85
434931.700472	32.197639	0.008610	3.739369	86
434932.722802	57.909279	0.008610	6.725640	87
434933.765522	50.845711	0.008627	5.893890	88
434934.846200	48.629322	0.008609	5.648612	89
434935.862279	50.550926	0.008627	5.859443	90
434936.917458	57.619614	0.008611	6.691296	91
434937.959304	46.757820	0.008583	5.447488	92
434939.039896	44.764061	0.008624	5.190805	93
434940.057480	44.204334	0.008641	5.115580	94
434941.140069	42.143841	0.008625	4.886353	95
434942.154088	42.857960	0.008623	4.969990	96
434943.234475	41.217358	0.008613	4.785631	97
434944.250808	47.375381	0.008615	5.499206	98
434945.331644	39.717617	0.008613	4.611258	99
434946.347599	38.010395	0.008598	4.420780	100
434947.430044	37.559536	0.008620	4.357488	101
434948.444474	33.627846	0.008616	3.902860	102
434949.525383	39.333435	0.008628	4.558614	103
434950.510295	48.214787	0.008613	5.597869	104
434951.622538	39.248619	0.008623	4.551734	105
434952.607831	44.682365	0.008618	5.184822	106
434953.721941	39.030983	0.008615	4.530784	107
434954.703044	40.783211	0.008620	4.731464	108
434955.817124	39.267197	0.008619	4.555846	109
434956.799610	37.271210	0.008609	4.329388	110
434957.914003	38.804825	0.008638	4.492478	111
434958.897603	34.544655	0.008600	4.016875	112
434960.011690	36.919739	0.008617	4.284596	113
434960.961848	51.980991	0.008622	6.028746	114
434962.108560	35.941502	0.008626	4.166865	115
434963.060126	48.740192	0.008621	5.653594	116
434964.175131	47.914448	0.008609	5.565679	117
434965.156413	48.238770	0.008609	5.603144	118
434966.270854	46.383717	0.008613	5.385016	119
434967.253606	47.210278	0.008614	5.480910	120
434968.367694	41.312683	0.008597	4.805198	121
434969.351679	48.360134	0.008625	5.606915	122
434970.465786	38.608364	0.008617	4.480596	123
434971.448385	49.074730	0.008604	5.703873	124
434972.561709	35.561810	0.008623	4.124020	125
434973.544705	48.449738	0.008614	5.624724	126
434974.625338	49.190140	0.008608	5.714138	127
434975.641577	48.552345	0.008631	5.625408	128
434976.723344	45.706615	0.008610	5.308477	129
434977.739289	46.144222	0.008614	5.357079	130
434978.819928	45.119362	0.008632	5.226934	131
434979.835903	44.664566	0.008631	5.175130	132
434980.919284	42.448444	0.008617	4.926267	133
434981.935270	41.321133	0.008617	4.795518	134
434983.015601	41.669022	0.008626	4.830432	135
434984.032198	39.075344	0.008614	4.536358	136
434985.111434	41.119217	0.008630	4.764627	137
434986.128820	37.401752	0.008613	4.342517	138
434987.208899	39.286278	0.008596	4.570094	139
434988.226768	34.304871	0.008611	3.983812	140
434989.307067	36.971489	0.008624	4.286964	141
434990.322188	33.852894	0.008609	3.932320	142
434991.372947	50.998272	0.008638	5.904048	143
434992.419236	31.799465	0.008619	3.689321	144
434993.469015	49.060947	0.008620	5.691414	145
434994.483808	48.400692	0.008612	5.619938	146
434995.566201	46.955097	0.008624	5.444937	147
434996.580679	47.024075	0.008611	5.461237	148
434997.661599	45.665287	0.008624	5.295027	149
434998.677840	45.868504	0.008617	5.323295	150
434999.760137	43.726524	0.008645	5.057784	151
435000.775262	42.061665	0.008617	4.881039	152
435001.855854	43.346371	0.008626	5.025213	153
435002.871800	39.485538	0.008630	4.575336	154
435003.933426	52.183121	0.008623	6.051971	155
435004.971188	34.230942	0.008609	3.976073	156
435006.051448	50.687595	0.008630	5.873619	157
435007.034128	50.583122	0.008609	5.875288	158
435008.148246	41.426823	0.008609	4.811906	159
435009.130993	46.661598	0.008611	5.419140	160
435010.245084	41.154457	0.008605	4.782422	161
435011.228973	42.535934	0.008626	4.931389	162
435012.343574	40.079391	0.008624	4.647321	163
435013.326209	38.854393	0.008630	4.502069	164
435014.444040	38.245567	0.008596	4.449393	165
435015.422420	36.903812	0.008596	4.292933	166
435016.537225	38.335373	0.008626	4.444316	167
435017.519928	36.094906	0.008617	4.188976	168
435018.654344	27.425079	0.008612	3.184625	169
435019.617848	36.189045	0.008628	4.194297	170
435020.698137	48.943745	0.008619	5.678401	171
435021.714111	35.757240	0.008609	4.153565	172
435022.795216	46.206776	0.008609	5.367080	173
435023.810310	35.492813	0.008629	4.113351	174
435024.893564	41.869919	0.008623	4.855801	175
435025.909631	35.512569	0.008624	4.117764	176
435026.963236	52.960812	0.008614	6.148332	177
435028.004940	36.822514	0.008634	4.264790	178
435029.086686	35.929447	0.008616	4.170001	179
435030.103075	33.820042	0.008631	3.918564	180
435031.152378	50.391438	0.008607	5.854704	181
435032.199799	32.323845	0.008597	3.759824	182
435033.248083	48.562443	0.008618	5.635304	183
435034.264062	49.287838	0.008615	5.720870	184
435035.345930	48.124081	0.008635	5.573419	185
435036.360595	46.621677	0.008634	5.399648	186
435037.442370	46.443371	0.008620	5.387618	187
435038.459970	43.021114	0.008621	4.990489	188
435039.547458	41.433521	0.008607	4.813705	189
435040.555137	41.244862	0.008619	4.785185	190
435041.636906	43.450645	0.008610	5.046354	191
435042.653327	39.425163	0.008626	4.570292	192
435043.735345	40.367046	0.008615	4.685596	193
435044.749730	36.563549	0.008619	4.242444	194
435045.830632	39.539093	0.008612	4.591079	195
435046.847161	36.574562	0.008614	4.246114	196
435047.929595	36.666111	0.008613	4.256887	197
435048.944650	34.648640	0.008628	4.015778	198
435049.992005	51.816696	0.008635	6.000607	199
435051.040294	34.622551	0.008612	4.020286	200
435052.089802	49.080753	0.008634	5.684775	201
435053.105675	50.644840	0.008638	5.862980	202
435054.188481	46.718063	0.008613	5.424034	203
435055.202211	48.278931	0.008637	5.590074	204
435056.283996	45.321556	0.008618	5.258856	205
435057.300321	45.068108	0.008609	5.234707	206
435058.380870	45.841496	0.008663	5.291945	207
435059.398334	39.895321	0.008617	4.629979	208
435060.477924	45.791779	0.008630	5.306281	209
435061.493874	36.867271	0.008618	4.278093	210
435062.575653	46.410278	0.008614	5.387945	211
435063.558666	52.106384	0.008614	6.049321	212
435064.674423	43.510334	0.008613	5.051643	213
435065.655239	48.678040	0.008639	5.634481	214
435066.769329	43.816273	0.008636	5.073658	215
435067.752748	44.686829	0.008608	5.191265	216
435068.867051	41.717205	0.008614	4.842994	217
435069.849522	42.256496	0.008623	4.900644	218
435070.964185	41.822121	0.008622	4.850851	219
435071.948023	39.788261	0.008626	4.612592	220
435073.060771	40.756668	0.008635	4.720154	221
435074.044387	39.287857	0.008597	4.569793	222
435075.160208	36.879307	0.008621	4.277959	223
435076.140961	39.280209	0.008620	4.557037	224
435077.255033	34.667343	0.008625	4.019213	225
435078.238663	39.276958	0.008613	4.560083	226
435079.318961	47.667850	0.008615	5.532956	227
435080.335509	40.167290	0.008624	4.657700	228
435081.417332	43.748959	0.008615	5.078455	229
435082.433324	38.515247	0.008606	4.475553	230
435083.514451	42.082687	0.008617	4.883845	231
435084.554106	25.107164	0.008615	2.914315	232
435085.612431	38.818233	0.008628	4.499306	233
435086.627262	35.829582	0.008611	4.161094	234
435087.708151	37.469139	0.008637	4.338164	235
435088.725574	34.364101	0.008628	3.982967	236
435089.774504	51.552898	0.008615	5.984250	237
435090.821488	32.557301	0.008616	3.778693	238
435091.871278	48.938766	0.008623	5.675069	239
435092.885707	49.176441	0.008615	5.708098	240
435093.966644	48.811756	0.008625	5.659620	241
435094.983983	47.064022	0.008621	5.459302	242
435096.064679	44.712170	0.008616	5.189625	243
435097.079446	45.536182	0.008604	5.292315	244
435098.161187	44.874836	0.008634	5.197625	245
435099.177155	43.162521	0.008613	5.011359	246
435100.258827	41.953484	0.008619	4.867339	247
435101.274256	39.492748	0.008620	4.581695	248
435102.356033	40.426296	0.008617	4.691687	249
435103.373040	39.546818	0.008595	4.601346	250
435104.454804	38.049377	0.008618	4.415020	251
435105.467971	40.920425	0.008610	4.752930	252
435106.549726	36.548706	0.008632	4.234156	253
435107.567154	37.461002	0.008622	4.344680	254
435108.615197	51.740646	0.008625	5.998793	255
435109.661629	35.074142	0.008636	4.061418	0
435110.711956	50.158592	0.008608	5.827081	1
435111.727252	50.381187	0.008624	5.841832	2
435112.810689	48.771412	0.008613	5.662803	3
435113.825068	47.294586	0.008608	5.494378	4
435114.905625	47.907543	0.008620	5.557965	5
435115.921063	44.278156	0.008622	5.135352	6
435117.003372	45.896641	0.008610	5.330689	7
435118.018690	40.573593	0.008624	4.704997	8
435119.100852	44.804039	0.008607	5.205386	9
435120.117346	36.136955	0.008627	4.188971	10
435121.197636	45.402695	0.008607	5.274845	11
435122.213699	33.706451	0.008608	3.915603	12
435123.294196	44.577801	0.008628	5.166594	13
435124.277853	50.726322	0.008612	5.889871	14
435125.391963	42.134304	0.008620	4.887719	15
435126.375839	48.034748	0.008620	5.572625	16
435127.488532	41.143040	0.008658	4.752195	17
435128.472181	46.509693	0.008607	5.403522	18
435129.586921	38.623081	0.008638	4.471235	19
435130.569652	45.632381	0.008607	5.301868	20
435131.684174	36.261688	0.008616	4.208410	21
435132.664833	46.262238	0.008618	5.367947	22
435133.748890	49.069519	0.008617	5.694499	23
435134.763669	44.981285	0.008612	5.223208	24
435135.845589	47.336411	0.008624	5.488687	25
435136.861569	43.869564	0.008598	5.102354	26
435137.943649	39.682014	0.008610	4.608898	27
435138.957942	44.211960	0.008617	5.130590	28
435140.038557	41.297829	0.008628	4.786733	29
435141.055049	43.337402	0.008595	5.042221	30
435142.137021	39.390934	0.008646	4.556218	31
435143.152181	40.530613	0.008612	4.706234	32
435144.232805	37.476871	0.008638	4.338499	33
435145.249312	38.192390	0.008630	4.425421	34
435146.332154	35.545380	0.008611	4.127838	35
435147.345855	36.487995	0.008612	4.236757	36
435148.394473	52.369934	0.008628	6.070013	37
435149.441988	34.935974	0.008621	4.052535	38
435150.493857	48.967403	0.008613	5.685401	39
435151.540500	32.098312	0.008618	3.724518	40
435152.590181	48.135368	0.008631	5.577023	41
435153.604695	50.746418	0.008628	5.881492	42
435154.686467	44.978077	0.008615	5.221079	43
435155.701544	46.455894	0.008611	5.395016	44
435156.782893	45.533714	0.008601	5.293708	45
435157.799248	45.070423	0.008620	5.228807	46
435158.880668	41.546146	0.008613	4.823587	47
435159.895895	42.177582	0.008622	4.891834	48
435160.979172	40.108692	0.008597	4.665471	49
435161.995239	39.867313	0.008620	4.625220	50
435163.074511	39.688377	0.008643	4.592176	51
435164.091986	36.813053	0.008627	4.267365	52
435165.171652	38.246124	0.008637	4.428268	53
435166.187630	34.961353	0.008620	4.055641	54
435167.267740	38.123478	0.008618	4.423636	55
435168.251764	50.326084	0.008613	5.842924	56
435169.366881	36.525322	0.008597	4.248830	57
435170.349306	46.688374	0.008612	5.421111	58
435171.463420	35.727219	0.008619	4.145072	59
435172.446224	43.194679	0.008632	5.003796	60
435173.561738	34.642601	0.008632	4.013281	61
435174.545622	38.708786	0.008616	4.492472	62
435175.624899	50.896500	0.008599	5.918754	63
435176.640872	37.811600	0.008617	4.387873	64
435177.723669	47.874363	0.008609	5.560713	65
435178.738687	36.589073	0.008625	4.242256	66
435179.819173	47.061962	0.008616	5.462045	67
435180.834290	36.110500	0.008598	4.199658	68
435181.916372	43.641651	0.008617	5.064680	69
435182.932652	33.755550	0.008613	3.919035	70
435184.013564	40.870899	0.008618	4.742583	71
435184.997261	52.510532	0.008619	6.092341	72
435186.110120	40.093292	0.008615	4.653916	73
435187.093754	51.007118	0.008614	5.921536	74
435188.207854	36.302227	0.008617	4.212694	75
435189.192389	48.675594	0.008621	5.646089	76
435190.273039	49.814072	0.008625	5.775349	77
435191.289032	48.341465	0.008634	5.598963	78
435192.369485	47.311646	0.008620	5.488872	79
435193.387119	45.761425	0.008613	5.312770	80
435194.467366	45.811886	0.008627	5.310585	81
435195.482061	46.440166	0.008630	5.381150	82
435196.565456	42.614857	0.008614	4.947279	83
435197.579788	43.786507	0.008594	5.095220	84
435198.660707	42.452892	0.008620	4.924702	85
435199.676981	42.035728	0.008615	4.879263	86
435200.758860	40.484211	0.008629	4.691498	87
435201.773812	40.248146	0.008621	4.668582	88
435202.854001	39.361515	0.008614	4.569270	89
435203.870686	39.068993	0.008636	4.524017	90
435204.952472	37.379963	0.008614	4.339675	91
435205.967817	37.907135	0.008639	4.387988	92
435207.017328	51.257999	0.008611	5.952817	93
435208.064694	34.759651	0.008608	4.038076	94
435209.114103	49.143242	0.008606	5.710083	95
435210.161966	34.344112	0.008605	3.991002	96
435211.210682	47.449463	0.008635	5.494979	97
435212.226659	50.630119	0.008666	5.842180	98
435213.308456	45.277084	0.008635	5.243677	99
435214.323747	47.566078	0.008634	5.509084	100
435215.407283	43.550842	0.008613	5.056456	101
435216.427136	45.410389	0.008608	5.275500	102
435217.502360	41.815758	0.008615	4.853905	103
435218.518297	42.736126	0.008619	4.958608	104
435219.603605	39.352890	0.008602	4.574684	105
435220.615156	41.139412	0.008630	4.766751	106
435221.696972	39.979164	0.008640	4.627074	107
435222.711086	36.543869	0.008618	4.240487	108
435223.793794	39.936092	0.008620	4.632885	109
435224.810070	33.168022	0.008611	3.852016	110
435225.892012	38.519684	0.008632	4.462488	111
435226.874629	49.222275	0.008613	5.715188	112
435227.988738	37.721020	0.008608	4.381899	113
435228.971196	43.986370	0.008617	5.104648	114
435230.085260	36.396427	0.008630	4.217497	115
435231.069354	43.705833	0.008628	5.065376	116
435232.187951	33.319912	0.008614	3.868282	117
435233.166877	40.378765	0.008621	4.683594	118
435234.253008	46.666969	0.008598	5.427377	119
435235.262286	40.774151	0.008627	4.726559	120
435236.344020	47.415062	0.008625	5.497687	121
435237.360293	40.266914	0.008611	4.676418	122
435238.443043	43.662300	0.008611	5.070398	123
435239.456465	38.549690	0.008607	4.479015	124
435240.537742	41.611252	0.008609	4.833572	125
435241.554215	38.163895	0.008618	4.428545	126
435242.636472	38.098957	0.008630	4.414917	127
435243.652502	36.855186	0.008619	4.276089	128
435244.733196	36.645554	0.008609	4.256703	129
435245.749235	35.464806	0.008628	4.110211	130
435246.799271	50.590042	0.008631	5.861616	131
435247.850085	31.749479	0.008600	3.691656	132
435248.894247	49.335304	0.008619	5.724230	133
435249.942520	34.058731	0.008626	3.948426	134
435250.992853	46.236763	0.008618	5.365311	135
435252.006984	50.309555	0.008600	5.850142	136
435253.089150	44.533787	0.008606	5.174690	137
435254.106066	46.108337	0.008621	5.348252	138
435255.186229	44.058125	0.008607	5.118782	139
435256.202695	44.836151	0.008607	5.209019	140
435257.282119	41.666653	0.008599	4.845685	141
435258.298129	42.719803	0.008637	4.945901	142
435259.381374	40.013550	0.008621	4.641351	143
435260.397404	40.455597	0.008620	4.693070	144
435261.477635	38.061554	0.008612	4.419769	145
435262.492697	39.064682	0.008633	4.524822	146
435263.577175	37.187157	0.008630	4.309257	147
435264.589828	37.197227	0.008634	4.308159	148
435265.638066	52.460686	0.008604	6.096940	149
435266.686913	34.160229	0.008640	3.953689	150
435267.735159	50.274128	0.008595	5.849290	151
435268.782341	38.691757	0.008615	4.491456	152
435269.833294	49.710793	0.008614	5.771131	153
435270.848642	49.500957	0.008623	5.740628	154
435271.930414	46.564827	0.008616	5.404513	155
435272.945535	45.883072	0.008634	5.314022	156
435274.034391	42.797176	0.008613	4.969176	157
435275.043394	42.239712	0.008619	4.900934	158
435276.125314	43.936665	0.008628	5.092333	159
435277.139314	39.257343	0.008619	4.554740	160
435278.223340	44.215874	0.008620	5.129510	161
435279.239302	35.624329	0.008614	4.135810	162
435280.318273	42.539070	0.008628	4.930446	163
435281.334273	34.331799	0.008658	3.965484	164
435282.415987	41.560177	0.008620	4.821401	165
435283.398469	51.216801	0.008638	5.928915	166
435284.513812	47.470585	0.008608	5.514596	167
435285.496156	48.718315	0.008616	5.654684	168
435286.610555	38.044765	0.008612	4.417847	169
435287.593333	46.605576	0.008614	5.410356	170
435288.708993	35.633144	0.008600	4.143189	171
435289.691259	44.227184	0.008624	5.128170	172
435290.772011	49.687981	0.008609	5.771714	173
435291.789088	43.679077	0.008598	5.080073	174
435292.868537	47.901024	0.008625	5.553959	175
435293.884779	44.019009	0.008614	5.110134	176
435294.965905	45.944572	0.008617	5.331948	177
435295.983706	41.811268	0.008603	4.860104	178
435297.062804	42.908134	0.008635	4.968898	179
435298.080205	40.671749	0.008632	4.711959	180
435299.160890	40.802128	0.008611	4.738136	181
435300.175672	40.064892	0.008639	4.637429	182
435301.257436	38.009968	0.008622	4.408244	183
435302.275013	38.727146	0.008622	4.491479	184
435303.354324	36.382259	0.008625	4.218147	185
435304.369727	37.169456	0.008612	4.316173	186
435305.419871	51.434528	0.008609	5.974395	187
435306.467865	34.998611	0.008593	4.072877	188
435307.517891	48.783516	0.008615	5.662833	189
435308.564618	33.647594	0.008648	3.890900	190
435309.614643	47.529526	0.008605	5.523656	191
435310.629168	50.038395	0.008615	5.807987	192
435311.710961	45.361061	0.008609	5.268869	193
435312.727020	47.040459	0.008628	5.452281	194
435313.807826	44.293118	0.008618	5.139374	195
435314.823789	46.552582	0.008611	5.406062	196
435315.904380	41.547623	0.008634	4.811975	197
435316.921849	42.694286	0.008656	4.932441	198
435318.002478	40.853989	0.008608	4.746024	199
435319.019283	40.776627	0.008601	4.740849	200
435320.099530	38.677402	0.008609	4.492665	201
435321.114603	39.096649	0.008633	4.528507	202
435322.198189	37.664444	0.008637	4.361063	203
435323.212724	37.376019	0.008609	4.341392	204
435324.293587	36.019791	0.008614	4.181476	205
435325.308954	34.854904	0.008638	4.035116	206
435326.357543	52.069340	0.008632	6.032377	207
435327.407099	31.805815	0.008628	3.686332	208
435328.455689	50.261078	0.008625	5.827433	209
435329.470634	48.722801	0.008619	5.653011	210
435330.552427	47.922935	0.008608	5.567318	211
435331.567217	46.715870	0.008616	5.422028	212
435332.650399	45.744717	0.008630	5.300768	213
435333.665223	42.099220	0.008617	4.885422	214
435334.748940	43.168453	0.008622	5.006963	215
435335.762061	38.850189	0.008624	4.504671	216
435336.843857	43.215462	0.008616	5.015591	217
435337.859148	36.356609	0.008635	4.210496	218
435338.940757	42.429928	0.008601	4.932951	219
435339.956930	34.469193	0.008615	4.000968	220
435341.039353	40.723583	0.008618	4.725601	221
435342.054439	34.192696	0.008632	3.961367	222
435343.135234	38.845661	0.008618	4.507342	223
435344.150059	34.770660	0.008612	4.037459	224
435345.231827	36.762730	0.008661	4.244608	225
435346.215409	48.581989	0.008599	5.649605	226
435347.329504	34.866745	0.008616	4.046950	227
435348.311861	49.082355	0.008599	5.707788	228
435349.396878	47.944431	0.008627	5.557365	229
435350.409676	48.851742	0.008617	5.669423	230
435351.491973	45.664616	0.008628	5.292605	231
435352.508085	44.555847	0.008618	5.170385	232
435353.586703	44.685749	0.008609	5.190835	233
435354.603703	44.324123	0.008619	5.142755	234
435355.684610	42.683132	0.008629	4.946620	235
435356.700584	39.587208	0.008638	4.582693	236
435357.782373	40.762299	0.008619	4.729198	237
435358.798354	40.079914	0.008615	4.652081	238
435359.880279	38.529202	0.008626	4.466415	239
435360.894943	38.746849	0.008637	4.486014	240
435361.976687	37.071232	0.008618	4.301748	241
435362.992629	36.811920	0.008613	4.274172	242
435364.074524	35.165916	0.008628	4.075885	243
435365.090512	34.784355	0.008615	4.037583	244
435366.139737	50.099262	0.008610	5.818697	245
435367.160398	47.420284	0.008595	5.517069	246
435368.234635	48.573910	0.008609	5.642537	247
435369.250914	49.644539	0.008661	5.731719	248
435370.334295	45.661556	0.008617	5.298891	249
435371.347750	47.491978	0.008613	5.514221	250
435372.434437	42.331253	0.008601	4.921936	251
435373.445158	44.938980	0.008629	5.207642	252
435374.526915	42.527054	0.008618	4.934705	253
435375.546728	39.606728	0.008619	4.595381	254
435376.623496	42.078857	0.008636	4.872736	255
435377.639452	39.857334	0.008626	4.620548	0
435378.721248	40.604813	0.008614	4.713884	1
435379.737235	36.717907	0.008614	4.262550	2
435380.821193	38.965229	0.008626	4.517402	3
435381.833772	34.343750	0.008619	3.984636	4
435382.915546	38.318481	0.008618	4.446420	5
435383.902277	49.214767	0.008608	5.717205	6
435385.027624	28.461727	0.008634	3.296324	7
435385.995748	47.884396	0.008617	5.557023	8
435387.109811	35.431694	0.008612	4.114322	9
435388.093700	44.333809	0.008603	5.153226	10
435389.174769	49.100899	0.008630	5.689608	11
435390.189452	43.477684	0.008638	5.033284	12
435391.272818	48.274815	0.008620	5.600263	13
435392.287548	40.474144	0.008609	4.701229	14
435393.368662	47.718800	0.008617	5.537776	15
435394.358309	55.209637	0.008610	6.412616	16
435395.465217	45.259617	0.008653	5.230220	17
435396.481146	37.879452	0.008620	4.394350	18
435397.562955	43.034672	0.008637	4.982438	19
435398.576947	37.634422	0.008617	4.367397	20
435399.659542	40.329063	0.008632	4.671854	21
435400.675488	35.560471	0.008618	4.126337	22
435401.761976	36.443317	0.008600	4.237508	23
435402.771688	34.636040	0.008616	4.019929	24
435403.854131	36.008339	0.008616	4.179359	25
435404.870085	32.792999	0.008619	3.804711	26
435405.918335	51.488251	0.008621	5.972488	27
435406.934286	50.399376	0.008615	5.850284	28
435408.017514	46.869724	0.008613	5.441978	29
435409.030614	48.297028	0.008613	5.607682	30
435410.113273	46.379852	0.008613	5.384778	31
435411.129744	46.888943	0.008632	5.432208	32
435412.209252	45.240604	0.008610	5.254640	33
435413.225229	44.074234	0.008627	5.108907	34
435414.308505	42.869427	0.008601	4.983986	35
435415.322368	42.506058	0.008635	4.922418	36
435416.405668	40.529106	0.008615	4.704257	37
435417.420121	40.391277	0.008617	4.687180	38
435418.502760	39.294270	0.008613	4.562121	39
435419.519973	36.739353	0.008630	4.257169	40
435420.598573	38.166885	0.008599	4.438679	41
435421.616303	35.503292	0.008611	4.123158	42
435422.694734	36.798492	0.008615	4.271347	43
435423.711625	34.790817	0.008619	4.036614	44
435424.760209	52.033901	0.008616	6.039439	45
435425.809036	30.941111	0.008615	3.591664	46
435426.857618	48.841908	0.008613	5.670802	47
435427.872386	49.747356	0.008619	5.772069	48
435428.956080	47.837196	0.008617	5.551299	49
435429.970400	46.950043	0.008618	5.447789	50
435431.052310	45.283985	0.008630	5.247573	51
435432.068828	42.907078	0.008619	4.978080	52
435433.151419	42.725555	0.008625	4.953877	53
435434.164449	40.699734	0.008616	4.723752	54
435435.246216	42.794014	0.008597	4.977511	55
435436.260204	39.377563	0.008613	4.572139	56
435437.342785	42.267544	0.008660	4.880936	57
435438.359276	36.141342	0.008613	4.196347	58
435439.442032	41.333141	0.008617	4.796591	59
435440.457951	33.195976	0.008611	3.855124	60
435441.536978	39.502342	0.008658	4.562281	61
435442.522252	47.869637	0.008610	5.559930	62
435443.636226	37.544113	0.008600	4.365829	63
435444.617671	46.919800	0.008615	5.446178	64
435445.731793	36.381542	0.008619	4.221009	65
435446.714286	46.327789	0.008638	5.363172	66
435447.795704	49.651703	0.008604	5.771011	67
435448.812035	44.131367	0.008611	5.125207	68
435449.893925	47.981441	0.008629	5.560358	69
435450.910459	43.519489	0.008623	5.047050	70
435451.989533	46.298820	0.008613	5.375669	71
435453.006699	41.000839	0.008608	4.762902	72
435454.087277	44.354370	0.008629	5.139965	73
435455.106934	38.160717	0.008618	4.428195	74
435456.184415	41.562946	0.008620	4.821950	75
435457.200415	39.406681	0.008622	4.570723	76
435458.284188	38.611725	0.008610	4.484625	77
435459.297301	37.428303	0.008631	4.336693	78
435460.378251	38.651108	0.008636	4.475595	79
435461.395491	36.092613	0.008628	4.183147	80
435462.476276	35.903030	0.008616	4.166974	81
435463.492247	34.255630	0.008602	3.982163	82
435464.540527	50.461494	0.008599	5.868475	83
435465.590306	32.021194	0.008627	3.711775	84
435466.637795	47.774944	0.008628	5.537406	85
435467.657047	47.411373	0.008613	5.504415	86
435468.735162	47.206829	0.008615	5.479703	87
435469.749953	48.525475	0.008616	5.631837	88
435470.833219	43.119980	0.008613	5.006260	89
435471.848315	44.951187	0.008604	5.224224	90
435472.928902	43.352882	0.008625	5.026422	91
435473.944844	43.164547	0.008601	5.018369	92
435475.026642	40.273666	0.008614	4.675450	93
435476.041746	42.169304	0.008633	4.884783	94
435477.123530	38.631111	0.008612	4.485557	95
435478.139534	38.977856	0.008611	4.526768	96
435479.221485	36.330143	0.008629	4.210426	97
435480.236369	37.239277	0.008618	4.320924	98
435481.317303	36.616573	0.008632	4.241900	99
435482.334724	34.492096	0.008625	3.998867	100
435483.382827	52.381741	0.008624	6.073914	101
435484.431405	32.812332	0.008630	3.802243	102
435485.481186	49.260033	0.008608	5.722564	103
435486.495995	48.428978	0.008609	5.625266	104
435487.590429	40.792961	0.008616	4.734372	105
435488.593951	46.395294	0.008614	5.386050	106
435489.674604	44.778049	0.008613	5.199063	107
435490.689177	43.667671	0.008626	5.062435	108
435491.770963	42.662041	0.008618	4.950603	109
435492.787364	40.551159	0.008626	4.700831	110
435493.869349	42.401638	0.008624	4.916921	111
435494.884094	37.822613	0.008610	4.392683	112
435495.966563	41.638969	0.008625	4.827713	113
435496.954963	50.924820	0.008607	5.916590	114
435498.066116	39.309277	0.008611	4.565089	115
435499.078197	34.340603	0.008619	3.984091	116
435500.159568	38.816250	0.008619	4.503693	117
435501.187858	27.590160	0.008623	3.199599	118
435502.256875	36.553352	0.008614	4.243433	119
435503.239201	51.036404	0.008630	5.913881	120
435504.353572	34.063389	0.008619	3.951913	121
435505.336357	49.058548	0.008630	5.684345	122
435506.418481	49.557400	0.008612	5.754667	123
435507.433242	48.808086	0.008628	5.657183	124
435508.516987	44.493587	0.008617	5.163425	125
435509.531714	45.691650	0.008628	5.295587	126
435510.612463	44.238148	0.008617	5.133999	127
435511.628435	43.939240	0.008610	5.103493	128
435512.709019	41.692070	0.008620	4.836433	129
435513.726912	40.904083	0.008615	4.748104	130
435514.807593	40.094559	0.008629	4.646287	131
435515.824309	40.384876	0.008610	4.690552	132
435516.904706	38.250195	0.008627	4.433617	133
435517.921236	38.928627	0.008614	4.519157	134
435519.001460	36.543903	0.008606	4.246185	135
435520.016227	38.069317	0.008636	4.408173	136
435521.064532	51.914963	0.008610	6.029703	137
435522.113982	36.616760	0.008613	4.251324	138
435523.162553	48.595787	0.008610	5.644014	139
435524.211407	34.586887	0.008612	4.016000	140
435525.260007	48.230553	0.008614	5.598985	141
435526.309881	31.347401	0.008620	3.636529	142
435527.357103	46.195038	0.008614	5.363062	143
435528.373108	48.154869	0.008611	5.592006	144
435529.453157	44.013786	0.008607	5.113467	145
435530.469638	45.602417	0.008619	5.291125	146
435531.551481	42.935688	0.008615	4.984095	147
435532.567478	42.652790	0.008605	4.956880	148
435533.648338	41.022255	0.008622	4.757592	149
435534.664733	40.710926	0.008631	4.716928	150
435535.745517	39.401737	0.008615	4.573398	151
435536.761480	39.514084	0.008614	4.587414	152
435537.842069	38.672329	0.008637	4.477294	153
435538.858007	36.862041	0.008637	4.268054	154
435539.940115	37.533703	0.008612	4.358385	155
435540.956182	33.756874	0.008634	3.909932	156
435542.036697	35.790951	0.008593	4.165285	157
435543.020763	49.839981	0.008622	5.780866	158
435544.105550	48.162666	0.008601	5.599440	159
435545.117466	47.911678	0.008607	5.566302	160
435546.212290	41.175484	0.008633	4.769619	161
435547.214578	45.530315	0.008611	5.287304	162
435548.296515	45.581745	0.008635	5.278641	163
435549.315362	40.759434	0.008609	4.734654	164
435550.392206	44.351440	0.008617	5.146972	165
435551.408470	40.491280	0.008618	4.698437	166
435552.491480	43.124580	0.008609	5.009326	167
435553.507117	38.673862	0.008622	4.485664	168
435554.587329	41.076817	0.008610	4.770839	169
435555.603836	37.201145	0.008639	4.306208	170
435556.684193	39.399033	0.008612	4.574688	171
435557.699291	37.308208	0.008613	4.331594	172
435558.782597	37.074459	0.008622	4.299823	173
435559.797039	35.172485	0.008616	4.082181	174
435560.878853	35.523098	0.008606	4.127616	175
435561.894830	33.606262	0.008610	3.903165	176
435562.943189	50.474895	0.008616	5.858363	177
435563.957790	52.268547	0.008616	6.066674	178
435565.040914	46.949932	0.008627	5.442453	179
435566.056983	48.337639	0.008625	5.604469	180
435567.138054	45.237595	0.008634	5.239410	181
435568.152647	47.767967	0.008640	5.528449	182
435569.234764	42.963535	0.008613	4.988307	183
435570.249530	44.788822	0.008624	5.193244	184
435571.332911	41.811348	0.008642	4.837950	185
435572.347939	41.784092	0.008628	4.843035	186
435573.428718	38.675327	0.008612	4.490921	187
435574.444691	39.816757	0.008606	4.626781	188
435575.525567	39.028622	0.008615	4.530351	189
435576.543111	38.749847	0.008620	4.495554	190
435577.623749	36.894085	0.008626	4.277167	191
435578.638349	38.281837	0.008642	4.429904	192
435579.687928	51.732185	0.008627	5.996377	193
435580.736124	35.188850	0.008609	4.087512	194
435581.784709	50.165180	0.008609	5.827307	195
435582.832373	33.474571	0.008629	3.879153	196
435583.883475	47.412155	0.008610	5.506681	197
435584.896907	50.832584	0.008637	5.885766	198
435585.982345	44.332657	0.008623	5.141118	199
435586.994664	47.686005	0.008641	5.518453	200
435588.076543	43.994160	0.008624	5.101328	201
435589.093048	43.844749	0.008617	5.088046	202
435590.173288	42.577759	0.008612	4.944076	203
435591.188378	41.460186	0.008609	4.815703	204
435592.270158	41.940514	0.008617	4.867060	205
435593.289678	37.520687	0.008615	4.355448	206
435594.367035	41.663445	0.008644	4.819818	207
435595.383303	37.472080	0.008613	4.350866	208
435596.464200	40.285427	0.008633	4.666378	209
435597.480138	35.109909	0.008618	4.074244	210
435598.563533	37.133110	0.008613	4.311380	211
435599.578365	32.146976	0.008630	3.725223	212
435600.659094	36.226891	0.008612	4.206392	213
435601.643038	49.278957	0.008631	5.709608	214
435602.757134	33.353107	0.008620	3.869123	215
435603.739322	47.874752	0.008609	5.561079	216
435604.819883	48.595547	0.008640	5.624518	217
435605.835847	46.092487	0.008655	5.325616	218
435606.917602	45.877110	0.008610	5.328635	219
435607.933970	43.616879	0.008629	5.054589	220
435609.014745	44.360111	0.008612	5.151078	221
435610.030569	42.013302	0.008597	4.886860	222
435611.111626	42.106911	0.008625	4.882202	223
435612.129225	39.604992	0.008619	4.594986	224
435613.211840	39.602154	0.008628	4.590112	225
435614.224457	40.191761	0.008633	4.655638	226
435615.306242	36.386047	0.008613	4.224594	227
435616.322192	37.745270	0.008601	4.388293	228
435617.404204	36.955906	0.008627	4.283823	229
435618.420732	35.424965	0.008615	4.112220	230
435619.467660	52.389427	0.008616	6.080591	231
435620.515901	34.180920	0.008619	3.965927	232
435621.565963	48.822540	0.008627	5.659544	233
435622.613309	33.074207	0.008617	3.838450	234
435623.660892	48.990753	0.008626	5.679329	235
435624.677552	51.056332	0.008613	5.928024	236
435625.758479	44.830982	0.008641	5.188295	237
435626.774445	46.757671	0.008631	5.417479	238
435627.856194	44.063957	0.008617	5.113804	239
435628.871296	46.171646	0.008610	5.362580	240
435629.953357	41.142361	0.008621	4.772311	241
435630.970934	42.094532	0.008598	4.895813	242
435632.049946	40.475296	0.008632	4.688723	243
435633.065884	42.902744	0.008624	4.974620	244
435634.147660	38.733288	0.008618	4.494363	245
435635.163644	38.637764	0.008600	4.492709	246
435636.246050	38.144547	0.008629	4.420286	247
435637.263017	36.087208	0.008596	4.198066	248
435638.342000	35.720768	0.008617	4.145326	249
435639.359620	34.739494	0.008613	4.033554	250
435640.407823	50.333496	0.008623	5.837358	251
435641.459202	31.212629	0.008611	3.624823	252
435642.504509	48.791565	0.008635	5.650753	253
435643.521067	48.944302	0.008616	5.680831	254
435644.606063	44.072441	0.008600	5.124835	255
435645.616318	47.690987	0.008616	5.535078	0
435646.698103	44.421597	0.008619	5.153932	1
435647.715226	43.033112	0.008605	5.000965	2
435648.795190	43.069069	0.008630	4.990736	3
435649.810623	40.967567	0.008618	4.753453	4
435650.892826	41.632095	0.008638	4.819383	5
435651.908851	38.078220	0.008631	4.411725	6
435652.988636	41.655441	0.008651	4.815056	7
435654.004562	36.520733	0.008641	4.226450	8
435655.086600	39.648129	0.008616	4.601912	9
435656.101716	35.138828	0.008626	4.073373	10
435657.183452	38.770248	0.008623	4.496211	11
435658.200063	33.833874	0.008636	3.917918	12
435659.280535	35.736530	0.008621	4.145057	13
435660.264684	50.736610	0.008633	5.876794	14
435661.377719	31.830492	0.008617	3.693756	15
435662.361408	48.551258	0.008605	5.641979	16
435663.443878	47.531200	0.008620	5.513941	17
435664.458898	46.712318	0.008605	5.428332	18
435665.539617	45.208740	0.008615	5.247816	19
435666.555451	45.167850	0.008587	5.260110	20
435667.636197	43.658772	0.008634	5.056832	21
435668.652135	45.656384	0.008615	5.299555	22
435669.733289	42.066174	0.008621	4.879544	23
435670.750675	41.449020	0.008604	4.817530	24
435671.830159	40.832508	0.008621	4.736273	25
435672.847375	40.352509	0.008632	4.674599	26
435673.927840	38.887131	0.008626	4.508163	27
435674.945439	37.832111	0.008616	4.391165	28
435676.023990	37.330414	0.008637	4.322019	29
435677.040715	37.219898	0.008640	4.308047	30
435678.090262	51.982330	0.008629	6.023868	31
435679.137545	35.304531	0.008636	4.087945	32
435680.187722	49.109070	0.008606	5.706436	33
435681.237827	32.107807	0.008614	3.727226	34
435682.284146	48.168381	0.008611	5.593914	35
435683.300146	50.614002	0.008613	5.876430	36
435684.382128	44.151123	0.008628	5.117383	37
435685.398127	46.452690	0.008621	5.388250	38
435686.478368	44.113518	0.008614	5.120852	39
435687.493470	45.576420	0.008604	5.297308	40
435688.577181	41.628712	0.008615	4.832313	41
435689.590859	42.452667	0.008628	4.920421	42
435690.671770	41.149715	0.008615	4.776557	43
435691.687739	40.858673	0.008634	4.732385	44
435692.770992	38.486923	0.008621	4.464303	45
435693.787041	38.146263	0.008619	4.425607	46
435694.867262	38.355591	0.008613	4.452992	47
435695.883310	36.417988	0.008627	4.221552	48
435696.963772	36.517921	0.008616	4.238200	49
435697.979728	34.827393	0.008616	4.042026	50
435699.061567	34.410213	0.008609	3.996979	51
435700.045945	49.279274	0.008612	5.721895	52
435701.125165	49.783607	0.008633	5.766976	53
435702.141108	49.473377	0.008616	5.741968	54
435703.223657	46.480675	0.008628	5.386950	55
435704.238492	46.296856	0.008615	5.373909	56
435705.321179	45.452629	0.008620	5.273219	57
435706.335583	43.343098	0.008597	5.041881	58
435707.417419	43.709290	0.008610	5.076722	59
435708.433488	40.910107	0.008594	4.760488	60
435709.515527	42.367542	0.008617	4.916822	61
435710.529310	41.326004	0.008625	4.791505	62
435711.611088	41.094536	0.008616	4.769402	63
435712.627402	37.220074	0.008620	4.317776	64
435713.708007	39.905735	0.008640	4.618472	65
435714.723969	36.455482	0.008623	4.227740	66
435715.805756	37.449722	0.008620	4.344756	67
435716.821739	35.521889	0.008611	4.124948	68
435717.902347	35.528912	0.008633	4.115599	69
435718.920271	32.531422	0.008616	3.775915	70
435719.967216	50.109741	0.008619	5.813673	71
435720.985674	49.280022	0.008628	5.711409	72
435722.064587	46.829182	0.008611	5.438490	73
435723.080428	47.736534	0.008606	5.546594	74
435724.161016	46.375648	0.008632	5.372791	75
435725.176971	46.490269	0.008619	5.393962	76
435726.260414	42.274582	0.008613	4.908154	77
435727.276008	42.944672	0.008619	4.982575	78
435728.357288	41.423031	0.008624	4.802952	79
435729.370792	42.427834	0.008614	4.925288	80
435730.453993	40.018288	0.008629	4.637877	81
435731.468833	39.955513	0.008611	4.640000	82
435732.549771	39.069820	0.008625	4.529881	83
435733.566306	38.778946	0.008601	4.508842	84
435734.646902	37.260723	0.008632	4.316390	85
435735.680109	28.119173	0.008590	3.273572	86
435736.711644	51.611195	0.008618	5.988670	87
435737.763397	32.915318	0.008624	3.816638	88
435738.808525	50.666805	0.008645	5.861092	89
435739.856799	33.084290	0.008640	3.829317	90
435740.905370	49.973431	0.008641	5.783101	91
435741.924749	47.698837	0.008621	5.533121	92
435743.005225	44.951000	0.008606	5.223266	93
435744.025979	42.124596	0.008617	4.888271	94
435745.100249	45.112103	0.008613	5.237779	95
435746.115367	44.764423	0.008642	5.180009	96
435747.201398	40.732079	0.008606	4.732758	97
435748.212682	41.377888	0.008617	4.802120	98
435749.294857	41.465080	0.008609	4.816692	99
435750.309920	39.483074	0.008615	4.583004	100
435751.393415	38.854370	0.008612	4.511447	101
435752.406801	36.798702	0.008627	4.265654	102
435753.489201	39.033524	0.008612	4.532235	103
435754.504185	36.546139	0.008616	4.241644	104
435755.586236	36.819195	0.008616	4.273543	105
435756.605612	32.119041	0.008611	3.729930	106
435757.684815	34.225449	0.008616	3.972409	107
435758.665915	50.564495	0.008618	5.867622	108
435759.747505	50.804264	0.008601	5.906853	109
435760.763663	50.052525	0.008610	5.813191	110
435761.845642	47.031425	0.008625	5.452779	111
435762.860199	46.838219	0.008623	5.432043	112
435763.941954	44.531776	0.008596	5.180357	113
435764.957106	44.841385	0.008630	5.195991	114
435766.039476	42.904934	0.008612	4.981714	115
435767.036698	52.924446	0.008638	6.126908	116
435768.137618	41.639187	0.008618	4.831794	117
435769.151669	39.749298	0.008586	4.629426	118
435770.233810	40.173283	0.008621	4.659971	119
435771.251791	37.445801	0.008632	4.337874	120
435772.331898	38.451225	0.008615	4.463080	121
435773.346614	36.998623	0.008610	4.297070	122
435774.427475	36.796844	0.008644	4.257107	123
435775.443408	35.899666	0.008619	4.165286	124
435776.493164	50.828457	0.008605	5.906787	125
435777.539989	35.272297	0.008653	4.076386	126
435778.590613	48.049175	0.008607	5.582800	127
435779.638049	33.167904	0.008614	3.850374	128
435780.687998	46.508488	0.008617	5.397458	129
435781.702365	49.342003	0.008599	5.738106	130
435782.783173	44.409088	0.008617	5.153742	131
435783.800765	45.891068	0.008618	5.324901	132
435784.883473	42.017815	0.008624	4.872353	133
435785.896335	45.067856	0.008616	5.230634	134
435786.978145	41.151707	0.008612	4.778352	135
435787.995004	42.383854	0.008605	4.925550	136
435789.074336	40.425842	0.008633	4.682681	137
435790.090861	40.774189	0.008596	4.743248	138
435791.170773	39.051369	0.008617	4.531738	139
435792.187427	38.838524	0.008639	4.495655	140
435793.268930	37.006645	0.008599	4.303720	141
435794.284285	37.847893	0.008632	4.384725	142
435795.366431	34.829105	0.008620	4.040275	143
435796.381975	35.257542	0.008615	4.092722	144
435797.430810	50.534466	0.008614	5.866429	145
435798.479437	32.970272	0.008615	3.827057	146
435799.529293	47.783909	0.008617	5.545606	147
435800.543692	49.843700	0.008614	5.786139	148
435801.624319	46.116745	0.008628	5.345315	149
435802.641637	47.977562	0.008641	5.552148	150
438552.662758	50.955414	0.008618	5.912614	217
438553.710398	34.734314	0.008640	4.020248	218
438554.760261	47.926727	0.008634	5.550871	219
438555.808391	32.960102	0.008616	3.825353	220
438556.856675	46.719315	0.008622	5.418916	221
438557.871793	50.483315	0.008618	5.858080	222
438558.953550	43.773994	0.008637	5.067961	223
438559.969489	46.707901	0.008623	5.416579	224
438561.051296	42.908897	0.008592	4.994019	225
438562.067373	44.454277	0.008608	5.164074	226
438563.149861	39.841591	0.008620	4.622199	227
438564.165842	40.816757	0.008610	4.740371	228
438565.246643	38.915916	0.008622	4.513809	229
438566.264636	38.658817	0.008621	4.484496	230
438567.341991	37.697319	0.008631	4.367706	231
438568.357961	38.541321	0.008639	4.461546	232
438569.439773	36.161888	0.008644	4.183502	233
438570.455733	37.001801	0.008620	4.292309	234
438571.505810	51.185955	0.008613	5.943197	235
