crossing time (s)	slope (V/s)	crossing number
281474976710655.000000	20.168953	2510	434789285888.000000
281474976710655.000000	19.012838	2511	434790400000.000000
281474976710655.000000	20.708763	2512	434791383040.000000
281474976710655.000000	19.537134	2513	434792497152.000000
281474976710655.000000	20.197758	2514	434793480192.000000
281474976710655.000000	21.660852	2515	434794594304.000000
281474976710655.000000	19.493906	2516	434795577344.000000
281474976710655.000000	19.557215	2517	434796691456.000000
281474976710655.000000	20.243013	2518	434797674496.000000
281474976710655.000000	20.624109	2519	434798788608.000000
281474976710655.000000	19.450960	2520	434799771648.000000
281474976710655.000000	21.067722	2521	434800852992.000000
281474976710655.000000	19.952320	2522	434801868800.000000
281474976710655.000000	22.107857	2523	434802950144.000000
281474976710655.000000	18.924986	2524	434803965952.000000
281474976710655.000000	19.744337	2525	434805047296.000000
281474976710655.000000	18.791174	2526	434806063104.000000
281474976710655.000000	20.125999	2527	434807144448.000000
281474976710655.000000	20.031796	2528	434808160256.000000
281474976710655.000000	20.603176	2529	434809241600.000000
281474976710655.000000	19.307775	2530	434810257408.000000
281474976710655.000000	20.071354	2531	434811338752.000000
281474976710655.000000	20.457575	2532	434812354560.000000
281474976710655.000000	19.780008	2533	434813435904.000000
281474976710655.000000	19.164265	2534	434814418944.000000
281474976710655.000000	20.562157	2535	434815500288.000000
281474976710655.000000	19.405228	2536	434816516096.000000
281474976710655.000000	21.735750	2537	434817597440.000000
281474976710655.000000	18.731586	2538	434818613248.000000
281474976710655.000000	21.466516	2539	434819694592.000000
281474976710655.000000	19.109966	2540	434820710400.000000
281474976710655.000000	20.918356	2541	434821791744.000000
281474976710655.000000	19.537561	2542	434822807552.000000
281474976710655.000000	19.835016	2543	434823888896.000000
281474976710655.000000	20.406458	2544	434824904704.000000
281474976710655.000000	20.785482	2545	434825986048.000000
281474976710655.000000	20.617519	2546	434827001856.000000
281474976710655.000000	20.185936	2547	434828083200.000000
281474976710655.000000	20.279507	2548	434829099008.000000
281474976710655.000000	20.551899	2549	434830180352.000000
281474976710655.000000	20.134071	2550	434831196160.000000
281474976710655.000000	19.906290	2551	434832277504.000000
281474976710655.000000	21.354599	2552	434833260544.000000
281474976710655.000000	19.874922	2553	434834374656.000000
281474976710655.000000	21.679661	2554	434835357696.000000
281474976710655.000000	20.310385	2555	434836471808.000000
281474976710655.000000	20.193321	2556	434837454848.000000
281474976710655.000000	19.614138	2557	434838568960.000000
281474976710655.000000	19.225554	2558	434839552000.000000
281474976710655.000000	19.717413	2559	434840666112.000000
281474976710655.000000	21.397533	2560	434841616384.000000
281474976710655.000000	18.424320	2561	434842763264.000000
281474976710655.000000	21.515520	2562	434843713536.000000
281474976710655.000000	19.615711	2563	434844860416.000000
281474976710655.000000	19.284657	2564	434845810688.000000
281474976710655.000000	18.335503	2565	434846957568.000000
281474976710655.000000	20.497826	2566	434847907840.000000
281474976710655.000000	19.434334	2567	434849021952.000000
281474976710655.000000	20.981012	2568	434850004992.000000
281474976710655.000000	20.917971	2569	434851119104.000000
281474976710655.000000	21.095556	2570	434852102144.000000
281474976710655.000000	19.890202	2571	434853216256.000000
281474976710655.000000	19.598984	2572	434854199296.000000
281474976710655.000000	20.650200	2573	434855313408.000000
281474976710655.000000	19.744673	2574	434856296448.000000
281474976710655.000000	21.579206	2575	434857410560.000000
281474976710655.000000	20.250532	2576	434858393600.000000
281474976710655.000000	19.924936	2577	434859474944.000000
281474976710655.000000	19.607769	2578	434860490752.000000
281474976710655.000000	19.644983	2579	434861572096.000000
281474976710655.000000	20.215443	2580	434862587904.000000
281474976710655.000000	22.082209	2581	434863669248.000000
281474976710655.000000	19.273428	2582	434864685056.000000
281474976710655.000000	19.431036	2583	434865766400.000000
281474976710655.000000	19.990307	2584	434866782208.000000
281474976710655.000000	21.673721	2585	434867863552.000000
281474976710655.000000	19.149668	2586	434868879360.000000
281474976710655.000000	19.675648	2587	434869960704.000000
281474976710655.000000	19.694296	2588	434870976512.000000
281474976710655.000000	20.880035	2589	434872057856.000000
281474976710655.000000	20.549936	2590	434873040896.000000
281474976710655.000000	21.385155	2591	434874122240.000000
281474976710655.000000	20.610325	2592	434875138048.000000
281474976710655.000000	20.554274	2593	434876219392.000000
281474976710655.000000	21.069239	2594	434877235200.000000
281474976710655.000000	20.431290	2595	434878316544.000000
281474976710655.000000	21.541161	2596	434879332352.000000
281474976710655.000000	20.537193	2597	434880413696.000000
281474976710655.000000	21.919926	2598	434881429504.000000
281474976710655.000000	20.373695	2599	434882510848.000000
281474976710655.000000	20.369570	2600	434883526656.000000
281474976710655.000000	22.065641	2601	434884608000.000000
281474976710655.000000	19.818039	2602	434885623808.000000
281474976710655.000000	19.456499	2603	434886705152.000000
281474976710655.000000	20.636959	2604	434887720960.000000
281474976710655.000000	20.830915	2605	434888802304.000000
281474976710655.000000	21.103085	2606	434889818112.000000
281474976710655.000000	19.792976	2607	434890899456.000000
281474976710655.000000	20.138599	2608	434891882496.000000
281474976710655.000000	22.847418	2609	434892996608.000000
281474976710655.000000	22.102932	2610	434893979648.000000
281474976710655.000000	19.393656	2611	434895093760.000000
281474976710655.000000	21.590200	2612	434896076800.000000
281474976710655.000000	19.726215	2613	434897190912.000000
281474976710655.000000	20.926889	2614	434898173952.000000
281474976710655.000000	19.793493	2615	434899288064.000000
281474976710655.000000	19.576435	2616	434900238336.000000
281474976710655.000000	19.221251	2617	434901385216.000000
281474976710655.000000	20.996275	2618	434902335488.000000
281474976710655.000000	20.091372	2619	434903482368.000000
281474976710655.000000	19.783188	2620	434904432640.000000
281474976710655.000000	19.710886	2621	434905579520.000000
281474976710655.000000	21.979086	2622	434906529792.000000
281474976710655.000000	19.307194	2623	434907643904.000000
281474976710655.000000	21.632959	2624	434908626944.000000
281474976710655.000000	22.161419	2625	434909741056.000000
281474976710655.000000	21.195333	2626	434910724096.000000
281474976710655.000000	19.462828	2627	434911838208.000000
281474976710655.000000	18.332516	2628	434912821248.000000
281474976710655.000000	20.115892	2629	434913935360.000000
281474976710655.000000	20.819435	2630	434914918400.000000
281474976710655.000000	22.926714	2631	434915999744.000000
281474976710655.000000	19.383909	2632	434917015552.000000
281474976710655.000000	21.720932	2633	434918096896.000000
281474976710655.000000	20.307856	2634	434919112704.000000
281474976710655.000000	21.288811	2635	434920194048.000000
281474976710655.000000	21.500271	2636	434921209856.000000
281474976710655.000000	21.037577	2637	434922291200.000000
281474976710655.000000	21.148199	2638	434923307008.000000
281474976710655.000000	19.777937	2639	434924388352.000000
281474976710655.000000	21.911943	2640	434925404160.000000
281474976710655.000000	20.624750	2641	434926485504.000000
281474976710655.000000	19.672451	2642	434927501312.000000
281474976710655.000000	20.636940	2643	434928582656.000000
281474976710655.000000	20.375694	2644	434929598464.000000
281474976710655.000000	21.265707	2645	434930679808.000000
281474976710655.000000	19.963654	2646	434931695616.000000
281474976710655.000000	20.731253	2647	434932744192.000000
281474976710655.000000	19.047123	2648	434933760000.000000
281474976710655.000000	21.409628	2649	434934841344.000000
281474976710655.000000	20.140392	2650	434935857152.000000
281474976710655.000000	20.312023	2651	434936938496.000000
281474976710655.000000	20.000090	2652	434937954304.000000
281474976710655.000000	20.384945	2653	434939035648.000000
281474976710655.000000	21.580215	2654	434940051456.000000
281474976710655.000000	21.249844	2655	434941132800.000000
281474976710655.000000	20.406076	2656	434942148608.000000
281474976710655.000000	20.764833	2657	434943229952.000000
281474976710655.000000	20.769239	2658	434944245760.000000
281474976710655.000000	20.213118	2659	434945327104.000000
281474976710655.000000	20.911089	2660	434946342912.000000
281474976710655.000000	22.836119	2661	434947424256.000000
281474976710655.000000	20.022259	2662	434948440064.000000
281474976710655.000000	21.691504	2663	434949521408.000000
281474976710655.000000	20.203129	2664	434950504448.000000
281474976710655.000000	21.663242	2665	434951618560.000000
281474976710655.000000	20.345221	2666	434952601600.000000
281474976710655.000000	19.933666	2667	434953715712.000000
281474976710655.000000	19.688122	2668	434954698752.000000
281474976710655.000000	20.305038	2669	434955812864.000000
281474976710655.000000	21.469942	2670	434956795904.000000
281474976710655.000000	20.645664	2671	434957910016.000000
281474976710655.000000	21.271343	2672	434958893056.000000
281474976710655.000000	18.875170	2673	434960007168.000000
281474976710655.000000	20.522272	2674	434960957440.000000
281474976710655.000000	19.680868	2675	434962104320.000000
281474976710655.000000	20.110605	2676	434963054592.000000
281474976710655.000000	20.197739	2677	434964168704.000000
281474976710655.000000	20.512100	2678	434965151744.000000
281474976710655.000000	19.055109	2679	434966265856.000000
281474976710655.000000	20.946569	2680	434967248896.000000
281474976710655.000000	18.436214	2681	434968363008.000000
281474976710655.000000	19.294703	2682	434969346048.000000
281474976710655.000000	21.867435	2683	434970460160.000000
281474976710655.000000	19.968126	2684	434971443200.000000
281474976710655.000000	21.210161	2685	434972557312.000000
281474976710655.000000	20.307102	2686	434973540352.000000
281474976710655.000000	21.685980	2687	434974621696.000000
281474976710655.000000	21.080135	2688	434975637504.000000
281474976710655.000000	20.739388	2689	434976718848.000000
281474976710655.000000	20.517202	2690	434977734656.000000
281474976710655.000000	21.827868	2691	434978816000.000000
281474976710655.000000	20.051273	2692	434979831808.000000
281474976710655.000000	20.756695	2693	434980913152.000000
281474976710655.000000	19.685530	2694	434981928960.000000
281474976710655.000000	21.466326	2695	434983010304.000000
281474976710655.000000	20.039831	2696	434984026112.000000
281474976710655.000000	22.296133	2697	434985107456.000000
281474976710655.000000	20.826986	2698	434986123264.000000
281474976710655.000000	20.208090	2699	434987204608.000000
281474976710655.000000	20.834105	2700	434988220416.000000
281474976710655.000000	21.117165	2701	434989301760.000000
281474976710655.000000	20.607983	2702	434990317568.000000
281474976710655.000000	21.166080	2703	434991366144.000000
281474976710655.000000	21.384193	2704	434992414720.000000
281474976710655.000000	21.426195	2705	434993463296.000000
281474976710655.000000	20.782595	2706	434994479104.000000
281474976710655.000000	20.759409	2707	434995560448.000000
281474976710655.000000	20.835405	2708	434996576256.000000
281474976710655.000000	21.598549	2709	434997657600.000000
281474976710655.000000	20.902308	2710	434998673408.000000
281474976710655.000000	21.650217	2711	434999754752.000000
281474976710655.000000	20.755835	2712	435000770560.000000
281474976710655.000000	20.368805	2713	435001851904.000000
281474976710655.000000	19.513453	2714	435002867712.000000
281474976710655.000000	21.853512	2715	435003949056.000000
281474976710655.000000	20.614414	2716	435004964864.000000
281474976710655.000000	21.682167	2717	435006046208.000000
281474976710655.000000	19.465014	2718	435007029248.000000
281474976710655.000000	20.834274	2719	435008143360.000000
281474976710655.000000	19.828859	2720	435009126400.000000
281474976710655.000000	20.178301	2721	435010240512.000000
281474976710655.000000	20.413755	2722	435011223552.000000
281474976710655.000000	21.278189	2723	435012337664.000000
281474976710655.000000	19.964272	2724	435013320704.000000
281474976710655.000000	18.914747	2725	435014434816.000000
281474976710655.000000	20.719448	2726	435015417856.000000
281474976710655.000000	19.342949	2727	435016531968.000000
281474976710655.000000	22.195930	2728	435017515008.000000
281474976710655.000000	19.413448	2729	435018629120.000000
281474976710655.000000	21.258835	2730	435019612160.000000
281474976710655.000000	21.076099	2731	435020693504.000000
281474976710655.000000	18.464985	2732	435021709312.000000
281474976710655.000000	21.569925	2733	435022790656.000000
281474976710655.000000	19.700953	2734	435023806464.000000
281474976710655.000000	21.047321	2735	435024887808.000000
281474976710655.000000	19.649632	2736	435025903616.000000
281474976710655.000000	20.319075	2737	435026984960.000000
281474976710655.000000	20.616814	2738	435028000768.000000
281474976710655.000000	21.059532	2739	435029082112.000000
281474976710655.000000	20.377781	2740	435030097920.000000
281474976710655.000000	20.098160	2741	435031146496.000000
281474976710655.000000	18.350439	2742	435032195072.000000
281474976710655.000000	20.674822	2743	435033243648.000000
281474976710655.000000	21.046564	2744	435034259456.000000
281474976710655.000000	20.755648	2745	435035340800.000000
281474976710655.000000	21.063303	2746	435036356608.000000
281474976710655.000000	20.818375	2747	435037437952.000000
281474976710655.000000	20.882725	2748	435038453760.000000
281474976710655.000000	21.056231	2749	435039535104.000000
281474976710655.000000	19.972956	2750	435040550912.000000
281474976710655.000000	19.967285	2751	435041632256.000000
281474976710655.000000	20.664482	2752	435042648064.000000
281474976710655.000000	20.575716	2753	435043729408.000000
281474976710655.000000	20.390572	2754	435044745216.000000
281474976710655.000000	20.124359	2755	435045826560.000000
281474976710655.000000	20.074314	2756	435046842368.000000
281474976710655.000000	20.256632	2757	435047923712.000000
281474976710655.000000	20.214861	2758	435048939520.000000
281474976710655.000000	21.602911	2759	435049988096.000000
281474976710655.000000	18.954546	2760	435051036672.000000
281474976710655.000000	20.297569	2761	435052085248.000000
281474976710655.000000	20.873825	2762	435053101056.000000
281474976710655.000000	20.168470	2763	435054182400.000000
281474976710655.000000	19.334383	2764	435055198208.000000
281474976710655.000000	21.769438	2765	435056279552.000000
281474976710655.000000	21.117971	2766	435057295360.000000
281474976710655.000000	21.041222	2767	435058376704.000000
281474976710655.000000	20.403757	2768	435059392512.000000
281474976710655.000000	21.783489	2769	435060473856.000000
281474976710655.000000	19.062914	2770	435061489664.000000
281474976710655.000000	21.559641	2771	435062571008.000000
281474976710655.000000	21.556570	2772	435063554048.000000
281474976710655.000000	21.792168	2773	435064668160.000000
281474976710655.000000	19.700872	2774	435065651200.000000
281474976710655.000000	20.633570	2775	435066765312.000000
281474976710655.000000	20.538218	2776	435067748352.000000
281474976710655.000000	20.774004	2777	435068862464.000000
281474976710655.000000	20.359348	2778	435069845504.000000
281474976710655.000000	19.638674	2779	435070959616.000000
281474976710655.000000	20.658428	2780	435071942656.000000
281474976710655.000000	19.966454	2781	435073056768.000000
281474976710655.000000	20.045757	2782	435074039808.000000
281474976710655.000000	19.378708	2783	435075153920.000000
281474976710655.000000	20.623529	2784	435076136960.000000
281474976710655.000000	19.812929	2785	435077251072.000000
281474976710655.000000	20.627792	2786	435078234112.000000
281474976710655.000000	20.697975	2787	435079315456.000000
281474976710655.000000	19.297251	2788	435080331264.000000
281474976710655.000000	20.872746	2789	435081412608.000000
281474976710655.000000	19.361012	2790	435082428416.000000
281474976710655.000000	20.712399	2791	435083509760.000000
281474976710655.000000	20.327974	2792	435084525568.000000
281474976710655.000000	23.572535	2793	435085606912.000000
281474976710655.000000	20.433935	2794	435086622720.000000
281474976710655.000000	19.915941	2795	435087704064.000000
281474976710655.000000	19.706608	2796	435088719872.000000
281474976710655.000000	21.002356	2797	435089768448.000000
281474976710655.000000	19.178247	2798	435090817024.000000
281474976710655.000000	20.838058	2799	435091865600.000000
281474976710655.000000	19.618395	2800	435092881408.000000
281474976710655.000000	19.927481	2801	435093962752.000000
281474976710655.000000	20.323967	2802	435094978560.000000
281474976710655.000000	21.577387	2803	435096059904.000000
281474976710655.000000	21.721188	2804	435097075712.000000
281474976710655.000000	22.237875	2805	435098157056.000000
281474976710655.000000	20.976704	2806	435099172864.000000
281474976710655.000000	21.141224	2807	435100254208.000000
281474976710655.000000	20.618498	2808	435101270016.000000
281474976710655.000000	20.082218	2809	435102351360.000000
281474976710655.000000	20.782835	2810	435103367168.000000
281474976710655.000000	21.294266	2811	435104448512.000000
281474976710655.000000	18.973358	2812	435105464320.000000
281474976710655.000000	21.078997	2813	435106545664.000000
281474976710655.000000	20.086853	2814	435107561472.000000
281474976710655.000000	20.435093	2815	435108610048.000000
281474976710655.000000	20.440863	2816	435109658624.000000
281474976710655.000000	20.187191	2817	435110707200.000000
281474976710655.000000	19.402075	2818	435111723008.000000
281474976710655.000000	20.351158	2819	435112804352.000000
281474976710655.000000	19.907948	2820	435113820160.000000
281474976710655.000000	20.913490	2821	435114901504.000000
281474976710655.000000	20.890160	2822	435115917312.000000
281474976710655.000000	21.136335	2823	435116998656.000000
281474976710655.000000	19.881155	2824	435118014464.000000
281474976710655.000000	21.932142	2825	435119095808.000000
281474976710655.000000	21.570114	2826	435120111616.000000
281474976710655.000000	20.696213	2827	435121192960.000000
281474976710655.000000	19.381975	2828	435122208768.000000
281474976710655.000000	21.419615	2829	435123290112.000000
281474976710655.000000	20.753227	2830	435124273152.000000
281474976710655.000000	20.369232	2831	435125387264.000000
281474976710655.000000	20.691351	2832	435126370304.000000
281474976710655.000000	21.760023	2833	435127484416.000000
281474976710655.000000	20.075909	2834	435128467456.000000
281474976710655.000000	20.365833	2835	435129581568.000000
281474976710655.000000	19.533768	2836	435130564608.000000
281474976710655.000000	20.454485	2837	435131678720.000000
281474976710655.000000	20.385330	2838	435132661760.000000
281474976710655.000000	19.677078	2839	435133743104.000000
281474976710655.000000	19.736677	2840	435134758912.000000
281474976710655.000000	20.384512	2841	435135840256.000000
281474976710655.000000	19.314617	2842	435136856064.000000
281474976710655.000000	19.697439	2843	435137937408.000000
281474976710655.000000	19.369152	2844	435138953216.000000
281474976710655.000000	20.814661	2845	435140034560.000000
281474976710655.000000	19.532972	2846	435141050368.000000
281474976710655.000000	22.039621	2847	435142131712.000000
281474976710655.000000	20.188923	2848	435143147520.000000
281474976710655.000000	22.784739	2849	435144228864.000000
281474976710655.000000	21.692026	2850	435145244672.000000
281474976710655.000000	21.576286	2851	435146326016.000000
281474976710655.000000	20.545881	2852	435147341824.000000
281474976710655.000000	21.532936	2853	435148390400.000000
281474976710655.000000	20.192739	2854	435149438976.000000
281474976710655.000000	20.382624	2855	435150487552.000000
281474976710655.000000	19.770721	2856	435151536128.000000
281474976710655.000000	21.273382	2857	435152584704.000000
281474976710655.000000	21.152906	2858	435153600512.000000
281474976710655.000000	21.612513	2859	435154681856.000000
281474976710655.000000	20.791405	2860	435155697664.000000
281474976710655.000000	21.129217	2861	435156779008.000000
281474976710655.000000	19.499249	2862	435157794816.000000
281474976710655.000000	23.006079	2863	435158876160.000000
281474976710655.000000	20.906403	2864	435159891968.000000
281474976710655.000000	20.542879	2865	435160973312.000000
281474976710655.000000	22.024044	2866	435161989120.000000
281474976710655.000000	20.517006	2867	435163070464.000000
281474976710655.000000	19.770683	2868	435164086272.000000
281474976710655.000000	20.181610	2869	435165167616.000000
281474976710655.000000	19.947992	2870	435166183424.000000
281474976710655.000000	20.324244	2871	435167264768.000000
281474976710655.000000	20.309534	2872	435168247808.000000
281474976710655.000000	20.880642	2873	435169361920.000000
281474976710655.000000	20.406046	2874	435170344960.000000
281474976710655.000000	19.717386	2875	435171459072.000000
281474976710655.000000	22.353302	2876	435172442112.000000
281474976710655.000000	20.183996	2877	435173556224.000000
281474976710655.000000	20.521633	2878	435174539264.000000
281474976710655.000000	20.427284	2879	435175620608.000000
281474976710655.000000	21.459045	2880	435176636416.000000
281474976710655.000000	19.753359	2881	435177717760.000000
281474976710655.000000	20.372322	2882	435178733568.000000
281474976710655.000000	20.544144	2883	435179814912.000000
281474976710655.000000	19.702637	2884	435180830720.000000
281474976710655.000000	21.087738	2885	435181912064.000000
281474976710655.000000	18.130646	2886	435182927872.000000
281474976710655.000000	22.190382	2887	435184009216.000000
281474976710655.000000	20.528181	2888	435184992256.000000
281474976710655.000000	23.044470	2889	435186106368.000000
281474976710655.000000	21.584574	2890	435187089408.000000
281474976710655.000000	21.463074	2891	435188203520.000000
281474976710655.000000	21.048714	2892	435189186560.000000
281474976710655.000000	20.052666	2893	435190267904.000000
281474976710655.000000	19.869017	2894	435191283712.000000
281474976710655.000000	21.537127	2895	435192365056.000000
281474976710655.000000	20.595600	2896	435193380864.000000
281474976710655.000000	19.780718	2897	435194462208.000000
281474976710655.000000	20.837122	2898	435195478016.000000
281474976710655.000000	22.202124	2899	435196559360.000000
281474976710655.000000	20.578634	2900	435197575168.000000
281474976710655.000000	20.654221	2901	435198656512.000000
281474976710655.000000	20.684788	2902	435199672320.000000
281474976710655.000000	20.884115	2903	435200753664.000000
281474976710655.000000	20.352623	2904	435201769472.000000
281474976710655.000000	20.853848	2905	435202850816.000000
281474976710655.000000	20.269033	2906	435203866624.000000
281474976710655.000000	21.945280	2907	435204947968.000000
281474976710655.000000	20.254360	2908	435205963776.000000
281474976710655.000000	21.124973	2909	435207012352.000000
281474976710655.000000	20.098213	2910	435208060928.000000
281474976710655.000000	20.555603	2911	435209109504.000000
281474976710655.000000	21.274342	2912	435210158080.000000
281474976710655.000000	21.707914	2913	435211206656.000000
281474976710655.000000	19.732042	2914	435212222464.000000
281474976710655.000000	21.727922	2915	435213303808.000000
281474976710655.000000	20.839270	2916	435214319616.000000
281474976710655.000000	21.125418	2917	435215400960.000000
281474976710655.000000	19.066158	2918	435216416768.000000
281474976710655.000000	22.824045	2919	435217498112.000000
281474976710655.000000	20.421331	2920	435218513920.000000
281474976710655.000000	21.086901	2921	435219595264.000000
281474976710655.000000	21.020237	2922	435220611072.000000
281474976710655.000000	20.766809	2923	435221692416.000000
281474976710655.000000	19.673161	2924	435222708224.000000
281474976710655.000000	21.855387	2925	435223789568.000000
281474976710655.000000	22.401009	2926	435224805376.000000
281474976710655.000000	21.040014	2927	435225886720.000000
281474976710655.000000	19.579102	2928	435226869760.000000
281474976710655.000000	21.111273	2929	435227983872.000000
281474976710655.000000	19.840117	2930	435228966912.000000
281474976710655.000000	22.463808	2931	435230081024.000000
281474976710655.000000	21.303520	2932	435231064064.000000
281474976710655.000000	21.097715	2933	435232178176.000000
281474976710655.000000	20.895891	2934	435233161216.000000
281474976710655.000000	20.678249	2935	435234242560.000000
281474976710655.000000	19.000103	2936	435235258368.000000
281474976710655.000000	19.706820	2937	435236339712.000000
281474976710655.000000	19.132561	2938	435237355520.000000
281474976710655.000000	21.737267	2939	435238436864.000000
281474976710655.000000	20.099527	2940	435239452672.000000
281474976710655.000000	20.768412	2941	435240534016.000000
281474976710655.000000	19.930098	2942	435241549824.000000
281474976710655.000000	20.593266	2943	435242631168.000000
281474976710655.000000	20.230043	2944	435243646976.000000
281474976710655.000000	22.076284	2945	435244728320.000000
281474976710655.000000	19.761003	2946	435245744128.000000
281474976710655.000000	20.358736	2947	435246792704.000000
281474976710655.000000	19.948032	2948	435247841280.000000
281474976710655.000000	21.410894	2949	435248889856.000000
281474976710655.000000	19.099024	2950	435249938432.000000
281474976710655.000000	21.066978	2951	435250987008.000000
281474976710655.000000	20.241795	2952	435252002816.000000
281474976710655.000000	22.352612	2953	435253084160.000000
281474976710655.000000	20.902769	2954	435254099968.000000
281474976710655.000000	19.401684	2955	435255181312.000000
281474976710655.000000	21.004583	2956	435256197120.000000
281474976710655.000000	22.461540	2957	435257278464.000000
281474976710655.000000	21.826674	2958	435258294272.000000
281474976710655.000000	20.513306	2959	435259375616.000000
281474976710655.000000	20.874119	2960	435260391424.000000
281474976710655.000000	20.102962	2961	435261472768.000000
281474976710655.000000	19.971289	2962	435262488576.000000
281474976710655.000000	20.656092	2963	435263569920.000000
281474976710655.000000	20.499386	2964	435264585728.000000
281474976710655.000000	19.977440	2965	435265634304.000000
281474976710655.000000	19.722294	2966	435266682880.000000
281474976710655.000000	21.724062	2967	435267731456.000000
281474976710655.000000	19.604668	2968	435268780032.000000
281474976710655.000000	20.139898	2969	435269828608.000000
281474976710655.000000	20.154675	2970	435270844416.000000
281474976710655.000000	21.779013	2971	435271925760.000000
281474976710655.000000	20.915279	2972	435272941568.000000
281474976710655.000000	21.530003	2973	435274022912.000000
281474976710655.000000	19.900057	2974	435275038720.000000
281474976710655.000000	21.596140	2975	435276120064.000000
281474976710655.000000	19.580667	2976	435277135872.000000
281474976710655.000000	22.555014	2977	435278217216.000000
281474976710655.000000	20.419323	2978	435279233024.000000
281474976710655.000000	21.391563	2979	435280314368.000000
281474976710655.000000	19.447805	2980	435281330176.000000
281474976710655.000000	20.340597	2981	435282411520.000000
281474976710655.000000	21.263847	2982	435283394560.000000
281474976710655.000000	21.676987	2983	435284508672.000000
281474976710655.000000	21.423677	2984	435285491712.000000
281474976710655.000000	21.721424	2985	435286605824.000000
281474976710655.000000	19.531826	2986	435287588864.000000
281474976710655.000000	20.905273	2987	435288702976.000000
281474976710655.000000	21.935434	2988	435289686016.000000
281474976710655.000000	21.710688	2989	435290767360.000000
281474976710655.000000	19.469620	2990	435291783168.000000
281474976710655.000000	20.504393	2991	435292864512.000000
281474976710655.000000	20.121126	2992	435293880320.000000
281474976710655.000000	21.019928	2993	435294961664.000000
281474976710655.000000	20.233921	2994	435295977472.000000
281474976710655.000000	23.346893	2995	435297058816.000000
281474976710655.000000	20.241947	2996	435298074624.000000
281474976710655.000000	21.196587	2997	435299155968.000000
281474976710655.000000	21.440037	2998	435300171776.000000
281474976710655.000000	21.202469	2999	435301253120.000000
281474976710655.000000	21.167612	3000	435302268928.000000
281474976710655.000000	21.126638	3001	435303350272.000000
281474976710655.000000	20.247972	3002	435304366080.000000
281474976710655.000000	21.378237	3003	435305414656.000000
281474976710655.000000	20.398726	3004	435306463232.000000
281474976710655.000000	20.977936	3005	435307511808.000000
281474976710655.000000	20.391186	3006	435308560384.000000
281474976710655.000000	21.411327	3007	435309608960.000000
281474976710655.000000	21.393478	3008	435310624768.000000
281474976710655.000000	21.558979	3009	435311706112.000000
281474976710655.000000	21.057020	3010	435312721920.000000
281474976710655.000000	21.397724	3011	435313803264.000000
281474976710655.000000	20.603922	3012	435314819072.000000
281474976710655.000000	23.390089	3013	435315900416.000000
281474976710655.000000	21.706184	3014	435316916224.000000
281474976710655.000000	20.874876	3015	435317997568.000000
281474976710655.000000	20.071184	3016	435319013376.000000
281474976710655.000000	22.327465	3017	435320094720.000000
281474976710655.000000	20.526484	3018	435321110528.000000
281474976710655.000000	21.471621	3019	435322191872.000000
281474976710655.000000	19.516640	3020	435323207680.000000
281474976710655.000000	21.498201	3021	435324289024.000000
281474976710655.000000	20.128466	3022	435325304832.000000
281474976710655.000000	22.952175	3023	435326353408.000000
281474976710655.000000	20.703604	3024	435327401984.000000
281474976710655.000000	19.834316	3025	435328450560.000000
281474976710655.000000	19.878288	3026	435329466368.000000
281474976710655.000000	21.078392	3027	435330547712.000000
281474976710655.000000	19.553141	3028	435331563520.000000
281474976710655.000000	21.977503	3029	435332644864.000000
281474976710655.000000	20.335831	3030	435333660672.000000
281474976710655.000000	22.862711	3031	435334742016.000000
281474976710655.000000	19.846819	3032	435335757824.000000
281474976710655.000000	20.344580	3033	435336839168.000000
281474976710655.000000	20.787151	3034	435337854976.000000
281474976710655.000000	21.005850	3035	435338936320.000000
281474976710655.000000	20.392084	3036	435339952128.000000
281474976710655.000000	21.184576	3037	435341033472.000000
281474976710655.000000	20.377928	3038	435342049280.000000
281474976710655.000000	21.842281	3039	435343130624.000000
281474976710655.000000	20.365864	3040	435344146432.000000
281474976710655.000000	20.999159	3041	435345227776.000000
281474976710655.000000	21.165030	3042	435346210816.000000
281474976710655.000000	20.286066	3043	435347324928.000000
281474976710655.000000	20.048647	3044	435348307968.000000
281474976710655.000000	21.591476	3045	435349389312.000000
281474976710655.000000	19.069469	3046	435350405120.000000
281474976710655.000000	22.872498	3047	435351486464.000000
281474976710655.000000	20.661148	3048	435352502272.000000
281474976710655.000000	20.154125	3049	435353583616.000000
281474976710655.000000	20.649763	3050	435354599424.000000
281474976710655.000000	20.661562	3051	435355680768.000000
281474976710655.000000	20.838408	3052	435356696576.000000
281474976710655.000000	20.995028	3053	435357777920.000000
281474976710655.000000	21.451826	3054	435358793728.000000
281474976710655.000000	20.167511	3055	435359875072.000000
281474976710655.000000	20.470671	3056	435360890880.000000
281474976710655.000000	21.184711	3057	435361972224.000000
281474976710655.000000	19.402311	3058	435362988032.000000
281474976710655.000000	20.443359	3059	435364069376.000000
281474976710655.000000	20.669529	3060	435365085184.000000
281474976710655.000000	21.587288	3061	435366133760.000000
281474976710655.000000	20.307213	3062	435367182336.000000
281474976710655.000000	21.764900	3063	435368230912.000000
281474976710655.000000	19.426218	3064	435369246720.000000
281474976710655.000000	21.201620	3065	435370328064.000000
281474976710655.000000	21.150234	3066	435371343872.000000
281474976710655.000000	21.417185	3067	435372425216.000000
281474976710655.000000	20.811901	3068	435373441024.000000
281474976710655.000000	20.305490	3069	435374522368.000000
281474976710655.000000	20.852289	3070	435375538176.000000
281474976710655.000000	21.723209	3071	435376619520.000000
281474976710655.000000	20.400568	3072	435377635328.000000
281474976710655.000000	21.126282	3073	435378716672.000000
281474976710655.000000	21.379021	3074	435379732480.000000
281474976710655.000000	20.873652	3075	435380813824.000000
281474976710655.000000	21.613152	3076	435381829632.000000
281474976710655.000000	20.255669	3077	435382910976.000000
281474976710655.000000	20.021599	3078	435383894016.000000
281474976710655.000000	21.717274	3079	435385008128.000000
281474976710655.000000	21.500797	3080	435385991168.000000
281474976710655.000000	21.579247	3081	435387105280.000000
281474976710655.000000	21.200933	3082	435388088320.000000
281474976710655.000000	19.869875	3083	435389169664.000000
281474976710655.000000	21.197304	3084	435390185472.000000
281474976710655.000000	21.635704	3085	435391266816.000000
281474976710655.000000	19.195396	3086	435392282624.000000
281474976710655.000000	21.109661	3087	435393363968.000000
281474976710655.000000	19.296413	3088	435394379776.000000
281474976710655.000000	20.634714	3089	435395461120.000000
281474976710655.000000	21.098614	3090	435396476928.000000
281474976710655.000000	20.367199	3091	435397558272.000000
281474976710655.000000	19.673763	3092	435398574080.000000
281474976710655.000000	22.973835	3093	435399655424.000000
281474976710655.000000	20.352526	3094	435400671232.000000
281474976710655.000000	20.805840	3095	435401752576.000000
281474976710655.000000	21.229597	3096	435402768384.000000
281474976710655.000000	20.923761	3097	435403849728.000000
281474976710655.000000	18.998543	3098	435404865536.000000
281474976710655.000000	21.810198	3099	435405914112.000000
281474976710655.000000	20.231623	3100	435406929920.000000
281474976710655.000000	21.951056	3101	435408011264.000000
281474976710655.000000	22.100033	3102	435409027072.000000
281474976710655.000000	20.349310	3103	435410108416.000000
281474976710655.000000	19.726704	3104	435411124224.000000
281474976710655.000000	23.658571	3105	435412205568.000000
281474976710655.000000	20.075752	3106	435413221376.000000
281474976710655.000000	21.042749	3107	435414302720.000000
281474976710655.000000	21.807079	3108	435415318528.000000
281474976710655.000000	22.576815	3109	435416399872.000000
281474976710655.000000	21.427675	3110	435417415680.000000
281474976710655.000000	20.539951	3111	435418497024.000000
281474976710655.000000	21.004391	3112	435419512832.000000
281474976710655.000000	21.318533	3113	435420594176.000000
281474976710655.000000	21.613440	3114	435421609984.000000
281474976710655.000000	21.108934	3115	435422691328.000000
281474976710655.000000	20.294203	3116	435423707136.000000
281474976710655.000000	20.110447	3117	435424755712.000000
281474976710655.000000	18.581873	3118	435425804288.000000
281474976710655.000000	22.483475	3119	435426852864.000000
281474976710655.000000	21.073257	3120	435427868672.000000
281474976710655.000000	21.882145	3121	435428950016.000000
281474976710655.000000	19.445389	3122	435429965824.000000
281474976710655.000000	22.332075	3123	435431047168.000000
281474976710655.000000	19.248562	3124	435432062976.000000
281474976710655.000000	21.173948	3125	435433144320.000000
281474976710655.000000	21.253912	3126	435434160128.000000
281474976710655.000000	21.439407	3127	435435241472.000000
281474976710655.000000	20.058758	3128	435436257280.000000
281474976710655.000000	20.336296	3129	435437338624.000000
281474976710655.000000	19.680107	3130	435438354432.000000
281474976710655.000000	19.825367	3131	435439435776.000000
281474976710655.000000	21.110073	3132	435440451584.000000
281474976710655.000000	20.349201	3133	435441532928.000000
281474976710655.000000	19.676838	3134	435442515968.000000
281474976710655.000000	20.326593	3135	435443630080.000000
281474976710655.000000	19.800577	3136	435444613120.000000
281474976710655.000000	21.991985	3137	435445727232.000000
281474976710655.000000	19.708565	3138	435446710272.000000
281474976710655.000000	19.650286	3139	435447791616.000000
281474976710655.000000	21.320292	3140	435448807424.000000
281474976710655.000000	23.247463	3141	435449888768.000000
281474976710655.000000	21.384142	3142	435450904576.000000
281474976710655.000000	21.242975	3143	435451985920.000000
281474976710655.000000	20.615313	3144	435453001728.000000
281474976710655.000000	22.663031	3145	435454083072.000000
281474976710655.000000	19.360910	3146	435455098880.000000
281474976710655.000000	21.353056	3147	435456180224.000000
281474976710655.000000	20.499687	3148	435457196032.000000
281474976710655.000000	20.701826	3149	435458277376.000000
281474976710655.000000	21.994751	3150	435459293184.000000
281474976710655.000000	20.296118	3151	435460374528.000000
281474976710655.000000	19.316690	3152	435461390336.000000
281474976710655.000000	20.976454	3153	435462471680.000000
281474976710655.000000	20.231941	3154	435463487488.000000
281474976710655.000000	20.557911	3155	435464536064.000000
281474976710655.000000	20.537542	3156	435465584640.000000
281474976710655.000000	21.315041	3157	435466633216.000000
281474976710655.000000	19.710493	3158	435467649024.000000
281474976710655.000000	20.123020	3159	435468730368.000000
281474976710655.000000	20.398134	3160	435469746176.000000
281474976710655.000000	20.889349	3161	435470827520.000000
281474976710655.000000	20.943666	3162	435471843328.000000
281474976710655.000000	22.560844	3163	435472924672.000000
281474976710655.000000	20.807127	3164	435473940480.000000
281474976710655.000000	22.172993	3165	435475021824.000000
281474976710655.000000	20.725727	3166	435476037632.000000
281474976710655.000000	20.330776	3167	435477118976.000000
281474976710655.000000	20.884502	3168	435478134784.000000
281474976710655.000000	21.979061	3169	435479216128.000000
281474976710655.000000	21.235266	3170	435480231936.000000
281474976710655.000000	19.905598	3171	435481313280.000000
281474976710655.000000	20.849752	3172	435482329088.000000
281474976710655.000000	20.127951	3173	435483377664.000000
281474976710655.000000	19.897760	3174	435484426240.000000
281474976710655.000000	21.071676	3175	435485474816.000000
281474976710655.000000	19.511980	3176	435486490624.000000
281474976710655.000000	22.450218	3177	435487571968.000000
281474976710655.000000	19.593275	3178	435488587776.000000
281474976710655.000000	22.015331	3179	435489669120.000000
281474976710655.000000	21.763010	3180	435490684928.000000
281474976710655.000000	21.662502	3181	435491766272.000000
281474976710655.000000	22.418579	3182	435492782080.000000
281474976710655.000000	21.206728	3183	435493863424.000000
281474976710655.000000	21.555986	3184	435494879232.000000
281474976710655.000000	19.739376	3185	435495960576.000000
281474976710655.000000	20.830437	3186	435496976384.000000
281474976710655.000000	20.811947	3187	435498057728.000000
281474976710655.000000	20.117382	3188	435499073536.000000
281474976710655.000000	19.605097	3189	435500154880.000000
281474976710655.000000	19.494289	3190	435501170688.000000
281474976710655.000000	19.764254	3191	435502252032.000000
281474976710655.000000	19.677814	3192	435503235072.000000
281474976710655.000000	20.164394	3193	435504349184.000000
281474976710655.000000	21.594181	3194	435505332224.000000
281474976710655.000000	21.329039	3195	435506413568.000000
281474976710655.000000	20.320404	3196	435507429376.000000
281474976710655.000000	21.544100	3197	435508510720.000000
281474976710655.000000	21.486111	3198	435509526528.000000
281474976710655.000000	20.529673	3199	435510607872.000000
281474976710655.000000	20.430725	3200	435511623680.000000
281474976710655.000000	22.523708	3201	435512705024.000000
281474976710655.000000	20.210596	3202	435513720832.000000
281474976710655.000000	21.989908	3203	435514802176.000000
281474976710655.000000	21.454790	3204	435515817984.000000
281474976710655.000000	20.718231	3205	435516899328.000000
281474976710655.000000	19.510483	3206	435517915136.000000
281474976710655.000000	21.412611	3207	435518996480.000000
281474976710655.000000	20.827108	3208	435520012288.000000
281474976710655.000000	21.514587	3209	435521060864.000000
281474976710655.000000	20.997854	3210	435522109440.000000
281474976710655.000000	20.146719	3211	435523158016.000000
281474976710655.000000	20.129742	3212	435524206592.000000
281474976710655.000000	20.424049	3213	435525255168.000000
281474976710655.000000	20.639111	3214	435526303744.000000
281474976710655.000000	21.309570	3215	435527352320.000000
281474976710655.000000	21.423296	3216	435528368128.000000
281474976710655.000000	22.031570	3217	435529449472.000000
281474976710655.000000	20.715996	3218	435530465280.000000
281474976710655.000000	21.513271	3219	435531546624.000000
281474976710655.000000	21.976677	3220	435532562432.000000
281474976710655.000000	23.172621	3221	435533643776.000000
281474976710655.000000	20.642782	3222	435534659584.000000
281474976710655.000000	20.639397	3223	435535740928.000000
281474976710655.000000	19.893637	3224	435536756736.000000
281474976710655.000000	19.973682	3225	435537838080.000000
281474976710655.000000	20.549978	3226	435538853888.000000
281474976710655.000000	19.517708	3227	435539935232.000000
281474976710655.000000	19.321404	3228	435540951040.000000
281474976710655.000000	21.320379	3229	435542032384.000000
281474976710655.000000	20.814695	3230	435543015424.000000
281474976710655.000000	21.170721	3231	435544096768.000000
281474976710655.000000	19.733253	3232	435545112576.000000
281474976710655.000000	22.619467	3233	435546193920.000000
281474976710655.000000	20.881205	3234	435547209728.000000
281474976710655.000000	22.935713	3235	435548291072.000000
281474976710655.000000	21.295193	3236	435549306880.000000
281474976710655.000000	21.910757	3237	435550388224.000000
281474976710655.000000	20.184458	3238	435551404032.000000
281474976710655.000000	21.080585	3239	435552485376.000000
281474976710655.000000	20.074783	3240	435553501184.000000
281474976710655.000000	20.850330	3241	435554582528.000000
281474976710655.000000	19.825808	3242	435555598336.000000
281474976710655.000000	19.847958	3243	435556679680.000000
281474976710655.000000	19.862579	3244	435557695488.000000
281474976710655.000000	19.948460	3245	435558776832.000000
281474976710655.000000	19.332653	3246	435559792640.000000
281474976710655.000000	19.825191	3247	435560873984.000000
281474976710655.000000	20.283709	3248	435561889792.000000
281474976710655.000000	20.629120	3249	435562938368.000000
281474976710655.000000	19.324844	3250	435563954176.000000
281474976710655.000000	20.095079	3251	435565035520.000000
281474976710655.000000	20.454023	3252	435566051328.000000
281474976710655.000000	21.875097	3253	435567132672.000000
281474976710655.000000	21.549526	3254	435568148480.000000
281474976710655.000000	21.749252	3255	435569229824.000000
281474976710655.000000	20.385920	3256	435570245632.000000
281474976710655.000000	21.057972	3257	435571326976.000000
281474976710655.000000	20.919479	3258	435572342784.000000
281474976710655.000000	22.205517	3259	435573424128.000000
281474976710655.000000	20.736233	3260	435574439936.000000
281474976710655.000000	21.001490	3261	435575521280.000000
281474976710655.000000	20.321835	3262	435576537088.000000
281474976710655.000000	21.452568	3263	435577618432.000000
281474976710655.000000	20.709345	3264	435578634240.000000
281474976710655.000000	20.062351	3265	435579682816.000000
281474976710655.000000	20.862930	3266	435580731392.000000
281474976710655.000000	21.220713	3267	435581779968.000000
281474976710655.000000	21.280087	3268	435582828544.000000
281474976710655.000000	21.936604	3269	435583877120.000000
281474976710655.000000	21.296694	3270	435584892928.000000
281474976710655.000000	21.684696	3271	435585974272.000000
281474976710655.000000	21.345943	3272	435586990080.000000
281474976710655.000000	21.735638	3273	435588071424.000000
281474976710655.000000	19.961372	3274	435589087232.000000
281474976710655.000000	20.750511	3275	435590168576.000000
281474976710655.000000	19.970770	3276	435591184384.000000
281474976710655.000000	20.591972	3277	435592265728.000000
281474976710655.000000	21.735519	3278	435593281536.000000
281474976710655.000000	20.725998	3279	435594362880.000000
281474976710655.000000	21.228193	3280	435595378688.000000
281474976710655.000000	20.009836	3281	435596460032.000000
281474976710655.000000	21.021454	3282	435597475840.000000
281474976710655.000000	20.247147	3283	435598557184.000000
281474976710655.000000	19.123014	3284	435599572992.000000
281474976710655.000000	21.159529	3285	435600654336.000000
281474976710655.000000	20.153265	3286	435601637376.000000
281474976710655.000000	22.714937	3287	435602751488.000000
281474976710655.000000	20.277008	3288	435603734528.000000
281474976710655.000000	20.958315	3289	435604815872.000000
281474976710655.000000	20.767891	3290	435605831680.000000
281474976710655.000000	20.432001	3291	435606913024.000000
281474976710655.000000	20.891314	3292	435607928832.000000
281474976710655.000000	20.837309	3293	435609010176.000000
281474976710655.000000	20.266260	3294	435610025984.000000
281474976710655.000000	21.128304	3295	435611107328.000000
281474976710655.000000	20.927471	3296	435612123136.000000
281474976710655.000000	21.460871	3297	435613204480.000000
281474976710655.000000	20.548723	3298	435614220288.000000
281474976710655.000000	20.454140	3299	435615301632.000000
281474976710655.000000	20.958796	3300	435616317440.000000
281474976710655.000000	19.905630	3301	435617398784.000000
281474976710655.000000	20.855803	3302	435618414592.000000
281474976710655.000000	20.279985	3303	435619463168.000000
281474976710655.000000	19.866270	3304	435620511744.000000
281474976710655.000000	20.715103	3305	435621560320.000000
281474976710655.000000	22.237608	3306	435622608896.000000
281474976710655.000000	20.430330	3307	435623657472.000000
281474976710655.000000	19.353645	3308	435624673280.000000
281474976710655.000000	22.010611	3309	435625754624.000000
281474976710655.000000	21.286898	3310	435626770432.000000
281474976710655.000000	19.878109	3311	435627851776.000000
281474976710655.000000	20.090372	3312	435628867584.000000
281474976710655.000000	23.242779	3313	435629948928.000000
281474976710655.000000	20.583614	3314	435630964736.000000
281474976710655.000000	21.432491	3315	435632046080.000000
281474976710655.000000	21.343439	3316	435633061888.000000
281474976710655.000000	20.635508	3317	435634143232.000000
281474976710655.000000	20.917278	3318	435635159040.000000
281474976710655.000000	21.549707	3319	435636240384.000000
281474976710655.000000	20.260355	3320	435637256192.000000
281474976710655.000000	20.343344	3321	435638337536.000000
281474976710655.000000	20.246197	3322	435639353344.000000
281474976710655.000000	19.984949	3323	435640401920.000000
281474976710655.000000	18.896963	3324	435641450496.000000
281474976710655.000000	22.423910	3325	435642499072.000000
281474976710655.000000	20.461584	3326	435643514880.000000
281474976710655.000000	21.125250	3327	435644596224.000000
281474976710655.000000	21.343933	3328	435645612032.000000
281474976710655.000000	23.366734	3329	435646693376.000000
281474976710655.000000	21.080084	3330	435647709184.000000
281474976710655.000000	21.447554	3331	435648790528.000000
281474976710655.000000	21.707069	3332	435649806336.000000
281474976710655.000000	20.941990	3333	435650887680.000000
281474976710655.000000	20.962742	3334	435651903488.000000
281474976710655.000000	20.793272	3335	435652984832.000000
281474976710655.000000	21.500990	3336	435654000640.000000
281474976710655.000000	20.895988	3337	435655081984.000000
281474976710655.000000	20.440958	3338	435656097792.000000
281474976710655.000000	21.770744	3339	435657179136.000000
281474976710655.000000	19.822052	3340	435658194944.000000
281474976710655.000000	20.830067	3341	435659276288.000000
281474976710655.000000	19.227207	3342	435660259328.000000
281474976710655.000000	22.561312	3343	435661373440.000000
281474976710655.000000	19.858292	3344	435662356480.000000
281474976710655.000000	21.391603	3345	435663437824.000000
281474976710655.000000	22.114435	3346	435664453632.000000
281474976710655.000000	22.510214	3347	435665534976.000000
281474976710655.000000	20.298019	3348	435666550784.000000
281474976710655.000000	20.759415	3349	435667632128.000000
281474976710655.000000	20.199732	3350	435668647936.000000
281474976710655.000000	21.415350	3351	435669729280.000000
281474976710655.000000	21.097301	3352	435670745088.000000
281474976710655.000000	20.496407	3353	435671826432.000000
281474976710655.000000	20.085575	3354	435672842240.000000
281474976710655.000000	22.417500	3355	435673923584.000000
281474976710655.000000	21.270741	3356	435674939392.000000
281474976710655.000000	21.877485	3357	435676020736.000000
281474976710655.000000	21.322380	3358	435677036544.000000
281474976710655.000000	20.578228	3359	435678085120.000000
281474976710655.000000	20.667755	3360	435679133696.000000
281474976710655.000000	21.299809	3361	435680182272.000000
281474976710655.000000	20.218182	3362	435681230848.000000
281474976710655.000000	20.286938	3363	435682279424.000000
281474976710655.000000	20.312359	3364	435683295232.000000
281474976710655.000000	21.619747	3365	435684376576.000000
281474976710655.000000	20.528999	3366	435685392384.000000
281474976710655.000000	20.843418	3367	435686473728.000000
281474976710655.000000	20.216614	3368	435687489536.000000
281474976710655.000000	22.330137	3369	435688570880.000000
281474976710655.000000	20.109825	3370	435689586688.000000
281474976710655.000000	20.038368	3371	435690668032.000000
281474976710655.000000	21.099567	3372	435691683840.000000
281474976710655.000000	19.870810	3373	435692765184.000000
281474976710655.000000	20.169605	3374	435693780992.000000
281474976710655.000000	20.721226	3375	435694862336.000000
281474976710655.000000	20.704784	3376	435695878144.000000
281474976710655.000000	19.689585	3377	435696959488.000000
281474976710655.000000	20.688559	3378	435697975296.000000
281474976710655.000000	20.900227	3379	435699056640.000000
281474976710655.000000	19.859621	3380	435700039680.000000
281474976710655.000000	23.412409	3381	435701121024.000000
281474976710655.000000	19.944979	3382	435702136832.000000
281474976710655.000000	23.700708	3383	435703218176.000000
281474976710655.000000	22.378979	3384	435704233984.000000
281474976710655.000000	22.172241	3385	435705315328.000000
281474976710655.000000	20.891150	3386	435706331136.000000
281474976710655.000000	21.795527	3387	435707412480.000000
281474976710655.000000	21.008909	3388	435708428288.000000
281474976710655.000000	21.802965	3389	435709509632.000000
281474976710655.000000	21.491449	3390	435710525440.000000
281474976710655.000000	20.543007	3391	435711606784.000000
281474976710655.000000	21.042553	3392	435712622592.000000
281474976710655.000000	22.075771	3393	435713703936.000000
281474976710655.000000	20.224159	3394	435714719744.000000
281474976710655.000000	20.709131	3395	435715801088.000000
281474976710655.000000	20.840401	3396	435716816896.000000
281474976710655.000000	20.184080	3397	435717898240.000000
281474976710655.000000	20.189880	3398	435718914048.000000
281474976710655.000000	20.245630	3399	435719962624.000000
281474976710655.000000	20.052700	3400	435720978432.000000
281474976710655.000000	21.836002	3401	435722059776.000000
281474976710655.000000	20.093437	3402	435723075584.000000
281474976710655.000000	20.518423	3403	435724156928.000000
281474976710655.000000	20.552759	3404	435725172736.000000
281474976710655.000000	23.240261	3405	435726254080.000000
281474976710655.000000	20.282404	3406	435727269888.000000
281474976710655.000000	20.795221	3407	435728351232.000000
281474976710655.000000	20.934666	3408	435729367040.000000
281474976710655.000000	20.160158	3409	435730448384.000000
281474976710655.000000	21.970993	3410	435731464192.000000
281474976710655.000000	21.248625	3411	435732545536.000000
281474976710655.000000	20.349182	3412	435733561344.000000
281474976710655.000000	21.105181	3413	435734642688.000000
281474976710655.000000	20.900517	3414	435735658496.000000
281474976710655.000000	19.985783	3415	435736707072.000000
281474976710655.000000	19.907219	3416	435737755648.000000
281474976710655.000000	20.932552	3417	435738804224.000000
281474976710655.000000	19.359629	3418	435739852800.000000
281474976710655.000000	19.881723	3419	435740901376.000000
281474976710655.000000	21.341181	3420	435741917184.000000
281474976710655.000000	21.193695	3421	435742998528.000000
281474976710655.000000	20.014988	3422	435744014336.000000
281474976710655.000000	21.235638	3423	435745095680.000000
281474976710655.000000	19.434000	3424	435746111488.000000
281474976710655.000000	20.783415	3425	435747192832.000000
281474976710655.000000	20.129770	3426	435748208640.000000
281474976710655.000000	21.718859	3427	435749289984.000000
281474976710655.000000	20.955603	3428	435750305792.000000
281474976710655.000000	21.605452	3429	435751387136.000000
281474976710655.000000	19.563089	3430	435752402944.000000
281474976710655.000000	19.337870	3431	435753484288.000000
281474976710655.000000	20.129124	3432	435754500096.000000
281474976710655.000000	21.627434	3433	435755581440.000000
281474976710655.000000	19.575941	3434	435756597248.000000
281474976710655.000000	19.570667	3435	435757678592.000000
281474976710655.000000	19.611271	3436	435758661632.000000
281474976710655.000000	22.080618	3437	435759742976.000000
281474976710655.000000	19.455866	3438	435760758784.000000
281474976710655.000000	21.925037	3439	435761840128.000000
281474976710655.000000	20.434055	3440	435762855936.000000
281474976710655.000000	23.007370	3441	435763937280.000000
281474976710655.000000	22.948231	3442	435764953088.000000
281474976710655.000000	23.141037	3443	435766034432.000000
281474976710655.000000	21.204813	3444	435767050240.000000
281474976710655.000000	21.888287	3445	435768131584.000000
281474976710655.000000	21.521219	3446	435769147392.000000
281474976710655.000000	21.753994	3447	435770228736.000000
281474976710655.000000	19.427866	3448	435771244544.000000
281474976710655.000000	20.374933	3449	435772325888.000000
281474976710655.000000	21.393124	3450	435773341696.000000
281474976710655.000000	19.956596	3451	435774423040.000000
281474976710655.000000	19.345751	3452	435775438848.000000
281474976710655.000000	21.502056	3453	435776487424.000000
281474976710655.000000	21.834995	3454	435777536000.000000
281474976710655.000000	21.902594	3455	435778584576.000000
281474976710655.000000	19.081308	3456	435779633152.000000
281474976710655.000000	21.163185	3457	435780681728.000000
281474976710655.000000	20.779886	3458	435781697536.000000
281474976710655.000000	21.245834	3459	435782778880.000000
281474976710655.000000	20.631660	3460	435783794688.000000
281474976710655.000000	20.975868	3461	435784876032.000000
281474976710655.000000	19.303156	3462	435785891840.000000
281474976710655.000000	22.050631	3463	435786973184.000000
281474976710655.000000	21.474834	3464	435787988992.000000
281474976710655.000000	21.218615	3465	435789070336.000000
281474976710655.000000	22.054205	3466	435790086144.000000
281474976710655.000000	23.097353	3467	435791167488.000000
281474976710655.000000	20.430632	3468	435792183296.000000
281474976710655.000000	21.459711	3469	435793264640.000000
281474976710655.000000	20.758207	3470	435794280448.000000
281474976710655.000000	22.416351	3471	435795361792.000000
281474976710655.000000	19.968239	3472	435796377600.000000
281474976710655.000000	20.557325	3473	435797426176.000000
281474976710655.000000	20.328089	3474	435798474752.000000
281474976710655.000000	20.406601	3475	435799523328.000000
281474976710655.000000	20.208998	3476	435800539136.000000
281474976710655.000000	22.492033	3477	435801620480.000000
281474976710655.000000	20.256969	3478	435802636288.000000
281474976710655.000000	20.678267	6105	438552657920.000000
281474976710655.000000	19.986620	6106	438553706496.000000
281474976710655.000000	20.091614	6107	438554755072.000000
281474976710655.000000	20.092392	6108	438555803648.000000
281474976710655.000000	20.160343	6109	438556852224.000000
281474976710655.000000	20.758757	6110	438557868032.000000
281474976710655.000000	22.647274	6111	438558949376.000000
281474976710655.000000	20.623568	6112	438559965184.000000
281474976710655.000000	22.780443	6113	438561046528.000000
281474976710655.000000	19.967136	6114	438562062336.000000
281474976710655.000000	22.603390	6115	438563143680.000000
281474976710655.000000	22.423897	6116	438564159488.000000
281474976710655.000000	21.907417	6117	438565240832.000000
281474976710655.000000	20.017416	6118	438566256640.000000
281474976710655.000000	20.727913	6119	438567337984.000000
281474976710655.000000	20.471096	6120	438568353792.000000
281474976710655.000000	21.730667	6121	438569435136.000000
281474976710655.000000	21.122694	6122	438570450944.000000
281474976710655.000000	20.963062	6123	438571499520.000000
